100001,100002,100003,100004,100005,100006,100007,100008,100009,100010,100011,100012,100013,100014,100015,100016,100017,100018,100019,100020,100021,100022,100023,100024,100025,100026,100027,100028,100029,100030,100031,100032,100033,100034,100035,100036,100037,100038,100039,100040
-2.439,-2.903,-2.99,-3.91,-3.306,-3.341,-3.547,-4.579,-4.597,-4.036,-4.025,-3.562,-1.889,-3.444,-2.454,-2.543,-2.042,-2.562,-4.06,-2.469,-1.965,-2.734,-2.17,-2.568,-4.528,-4.229,-4.278,-2.03,-2.09,-4.008,-4.633,-4.298,-4.347,-3.101,-3.215,-4.155,-3.202,-2.759,-3.544,-3.189
-2.422,-3.988,-3.235,-3.99,-3.465,-3.401,-4.181,-4.505,-4.538,-4.112,-4.1,-3.761,-2.008,-3.617,-3.27,-3.393,-2.735,-3.171,-4.446,-3.083,-3.54,-1.713,-2.927,-2.761,-4.385,-4.599,-4.644,-2.926,-3.621,-3.449,-4.173,-4.342,-3.464,-3.266,-3.245,-2.813,-3.191,-3.954,-3.61,-3.127
-3.232,-3.894,-3.825,-4.417,-3.675,-3.212,-4.074,-4.314,-4.348,-3.955,-3.945,-3.617,-2.168,-3.771,-3.842,-3.779,-3.227,-3.327,-4.19,-3.09,-2.646,-1.819,-2.768,-2.759,-4.668,-4.509,-4.545,-3.37,-4.079,-2.844,-3.509,-4.166,-1.954,-4.165,-4.231,-1.991,-3.41,-4.486,-3.534,-3.57
-3.618,-3.205,-3.195,-3.985,-3.414,-2.989,-4.117,-4.409,-4.46,-4.091,-4.089,-3.738,-2.156,-3.811,-3.775,-3.821,-3.199,-2.464,-3.455,-3.544,-3.005,-2.059,-3.625,-2.969,-4.441,-4.322,-4.354,-2.514,-3.515,-3.563,-3.917,-4.485,-2.457,-2.759,-2.809,-2.636,-2.743,-4.841,-3.441,-3.59
-2.341,-4.16,-4.013,-4.135,-4.092,-2.947,-4.143,-4.063,-4.106,-3.937,-3.945,-3.617,-2.251,-3.78,-3.983,-3.998,-3.424,-2.477,-3.311,-3.641,-3.328,-2.212,-2.336,-2.341,-4.228,-4.13,-4.168,-2.771,-2.665,-3.767,-3.521,-4.332,-3.866,-3.091,-3.13,-3.163,-3.843,-2.286,-3.667,-3.6
-2.589,-4.303,-3.943,-4.184,-4.1,-2.837,-3.939,-4.039,-4.086,-3.693,-3.714,-3.443,-2.488,-3.855,-2.637,-2.955,-2.172,-1.744,-2.896,-3.558,-2.856,-1.186,-2.362,-2.224,-3.992,-4.009,-4.043,-3.949,-3.892,-3.767,-4.161,-4.165,-3.951,-3.644,-3.641,-3.071,-3.736,-2.19,-3.663,-3.555
-3.318,-3.662,-3.356,-4.185,-3.643,-2.709,-4.042,-3.893,-3.923,-3.784,-3.82,-3.512,-2.637,-3.689,-3.454,-3.155,-2.688,-2.438,-3.044,-3.016,-2.838,-0.962,-3.615,-1.832,-3.94,-3.976,-4.004,-3.891,-3.863,-3.738,-4.054,-4.194,-3.905,-3.819,-3.893,-3.442,-3.799,-1.843,-3.636,-3.563
-3.919,-3.084,-3.483,-4.324,-3.701,-2.657,-4.086,-4.388,-4.377,-3.934,-3.97,-3.737,-2.368,-3.716,-3.998,-3.652,-3.354,-1.802,-3.097,-3.453,-3.084,-1.849,-3.543,-3.452,-3.891,-3.9,-3.926,-3.971,-3.873,-3.678,-3.99,-4.055,-3.233,-3.772,-3.84,-2.94,-3.683,-1.702,-3.588,-3.489
-3.097,-3.944,-3.215,-4.212,-3.993,-2.456,-4.135,-4.51,-4.541,-3.748,-3.782,-3.548,-2.758,-3.957,-3.143,-2.942,-2.771,-1.603,-3.149,-2.238,-2.88,-3.104,-3.364,-3.677,-3.828,-3.823,-3.851,-3.295,-3.448,-3.541,-3.968,-4.015,-3.437,-3.639,-3.708,-3.803,-3.647,-2.26,-3.53,-3.562
-3.414,-3.64,-2.995,-3.753,-3.85,-2.277,-3.994,-4.459,-4.495,-3.753,-3.782,-3.52,-2.205,-3.7,-2.552,-1.829,-1.872,-1.609,-2.095,-1.908,-2.837,-2.483,-3.299,-3.477,-3.695,-3.726,-3.751,-3.903,-3.81,-3.464,-3.96,-4.034,-3.485,-3.565,-3.624,-3.865,-3.591,-4.017,-3.458,-3.514
-3.355,-3.852,-2.931,-3.682,-3.918,-2.208,-4.011,-4.33,-4.368,-3.878,-3.902,-3.395,-1.683,-3.774,-2.302,-1.752,-1.655,-1.529,-2.511,-2.869,-1.883,-2.043,-3.195,-3.395,-3.628,-3.655,-3.688,-3.797,-3.297,-3.301,-3.49,-4.377,-3.604,-3.457,-3.523,-3.721,-3.526,-3.232,-3.383,-3.526
-3.69,-3.829,-3.193,-3.6,-3.779,-2.18,-3.859,-4.322,-4.351,-3.487,-3.505,-3.228,-2.377,-3.717,-1.768,-1.583,-1.531,-1.468,-3.16,-1.37,-1.311,-1.198,-3.079,-3.267,-3.51,-3.595,-3.623,-3.01,-2.981,-3.687,-4.21,-4.152,-3.491,-3.359,-3.421,-3.709,-3.001,-3.516,-3.224,-3.461
-3.547,-2.988,-3.421,-3.782,-4.079,-2.231,-3.613,-4.112,-4.127,-3.378,-3.413,-2.997,-1.68,-3.691,-2.849,-2.341,-2.202,-1.624,-2.556,-1.971,-1.572,-1.124,-2.935,-3.139,-3.429,-3.553,-3.58,-3.019,-3.307,-3.54,-3.856,-4.234,-3.351,-3.222,-3.284,-3.647,-3.041,-4.101,-2.997,-3.435
-3.889,-3.439,-3.749,-4.044,-4.018,-2.121,-3.593,-4.223,-4.259,-3.246,-3.269,-2.977,-2.475,-2.987,-2.675,-2.43,-2.26,-3.247,-2.171,-2.932,-1.461,-1.096,-2.74,-2.998,-3.244,-3.38,-3.404,-3.982,-3.316,-3.089,-3.609,-4.078,-3.063,-3.039,-3.105,-3.622,-3.278,-2.363,-2.813,-3.419
-3.655,-3.289,-3.839,-3.98,-4.003,-2.115,-3.175,-4.016,-4.029,-3.212,-3.237,-2.718,-1.99,-2.465,-2.591,-2.485,-2.623,-4.724,-2.747,-1.295,-1.242,-0.915,-2.557,-2.754,-2.984,-3.131,-3.154,-3.613,-3.249,-2.981,-3.634,-3.898,-3.081,-2.835,-2.894,-3.582,-3.066,-3.455,-2.698,-3.349
-3.484,-3.009,-3.668,-3.842,-3.826,-2.038,-3.079,-4.173,-4.175,-2.771,-2.792,-2.651,-1.523,-2.309,-2.535,-2.432,-2.315,-2.82,-3.368,-1.029,-1.318,-1.001,-2.475,-2.492,-2.78,-2.569,-2.584,-3.412,-2.887,-2.94,-3.607,-3.773,-2.198,-2.62,-2.683,-3.378,-2.883,-3.156,-2.522,-3.288
-3.477,-2.983,-3.601,-3.329,-3.724,-2.018,-2.73,-3.575,-3.576,-2.611,-2.631,-2.139,-1.552,-1.671,-2.207,-2.111,-2.096,-2.1,-1.97,-1.846,-2.634,-1.085,-2.056,-2.338,-2.234,-1.255,-1.238,-3.377,-2.546,-2.463,-3.21,-3.959,-2.258,-2.397,-2.456,-3.141,-2.691,-2.924,-2.21,-3.279
-3.177,-2.731,-3.152,-2.443,-3.263,-1.936,-2.63,-3.862,-3.878,-2.254,-2.279,-2.184,-1.487,-1.153,-2.012,-1.89,-1.829,-1.3,-2.457,-2.563,-2.383,-0.87,-1.913,-2.021,-0.894,-0.83,-0.819,-3.173,-2.103,-2.209,-3.581,-3.335,-1.976,-2.136,-2.2,-2.712,-2.479,-2.643,-1.914,-3.155
-3.08,-2.517,-2.9,-1.829,-3.005,-1.875,-2.446,-3.535,-3.565,-2.153,-2.172,-1.838,-1.039,-1.475,-1.725,-1.718,-1.592,-1.526,-1.075,-1.556,-1.248,-0.666,-1.744,-1.733,-0.596,-0.535,-0.529,-3.156,-1.5,-1.48,-2.714,-3.698,-1.487,-1.838,-1.906,-2.153,-2.248,-2.36,-1.605,-3.083
-2.933,-2.03,-3.088,-1.669,-3.161,-1.746,-1.938,-3.443,-3.459,-1.813,-1.825,-1.632,-0.551,-1.731,-1.478,-0.728,-1.368,-1.612,-1.021,-1.357,-0.883,-0.489,-1.502,-1.568,-0.535,-0.542,-0.536,-2.438,-1.103,-1.494,-3.182,-2.871,-1.42,-1.538,-1.599,-1.404,-1.969,-1.886,-1.133,-2.969
-2.278,-1.711,-2.694,-1.583,-2.753,-1.507,-1.555,-2.175,-2.187,-1.55,-1.561,-1.052,-0.21,-1.609,-1.192,-0.141,-1.135,-3.433,-1.311,-1.247,-0.49,-0.468,-1.133,-1.358,-0.472,-0.486,-0.479,-2.575,-0.666,-0.811,-2.114,-3.248,-1.081,-1.221,-1.273,-1.236,-1.668,-0.867,-0.825,-2.778
-1.518,-0.538,-1.995,-1.092,-2.5,-1.211,-1.399,-1.265,-1.209,-0.841,-0.885,-0.358,-0.168,-1.121,-0.849,-0.128,-0.893,-3.464,-0.837,-0.425,-0.297,-0.316,-0.776,-0.858,-0.379,-0.386,-0.383,-1.842,-0.749,-0.546,-1.98,-2.822,-0.596,-0.895,-0.941,-1.207,-1.344,-0.135,-0.537,-2.578
-1.139,-0.09,-1.119,-0.13,-1.675,-0.923,-0.417,-1.342,-0.838,-0.587,-0.595,-0.174,-0.115,-0.641,-0.564,-0.112,-0.643,-0.842,-0.336,-0.339,-0.667,-0.181,-0.582,-0.616,-0.246,-0.252,-0.249,-1.1,-0.531,-0.225,-0.206,-2.057,-0.237,-0.536,-0.562,-0.998,-1.01,-0.206,-0.323,-2.31
-0.874,-0.043,-0.402,-0.059,-0.474,-0.515,-0.089,-1.095,-0.275,-0.249,-0.222,-0.096,-0.061,-0.292,-0.336,-0.093,-0.328,-0.45,-0.176,-0.411,-0.723,-0.085,-0.357,-0.39,-0.144,-0.142,-0.141,-0.31,-0.146,-0.052,-0.035,-0.411,-0.084,-0.209,-0.209,-0.079,-0.618,-0.242,-0.218,-1.478
-0.039,-0.011,0.0,-0.013,0.0,-0.057,-0.031,-0.044,-0.013,-0.022,-0.014,-0.018,-0.019,-0.056,-0.118,-0.064,-0.048,-0.745,-0.071,-0.144,-0.078,-0.032,-0.182,-0.086,-0.054,-0.049,-0.048,-0.034,-0.043,-0.013,-0.001,-0.002,-0.026,-0.016,-0.016,-0.017,-0.216,-0.145,-0.146,-0.175
0.0,0.0,0.0,0.0,0.0,0.0,-0.002,-0.002,0.0,0.0,0.0,0.0,-0.001,0.0,-0.01,-0.017,-0.006,-0.01,-0.007,-0.013,-0.023,-0.003,-0.011,-0.018,-0.002,-0.002,-0.001,0.0,-0.013,0.0,0.0,0.0,-0.001,0.0,0.0,0.0,-0.013,-0.034,-0.041,-0.062
0.0,0.0,0.0,0.0,0.0,0.0,0.0,0.0,0.0,0.0,0.0,0.0,0.0,0.0,0.0,0.0,0.0,0.0,0.0,0.0,0.0,0.0,0.0,0.0,0.0,0.0,0.0,0.0,-0.001,0.0,0.0,0.0,0.0,0.0,0.0,0.0,0.0,0.0,-0.001,-0.001
0.0,0.0,0.0,0.0,0.0,0.0,0.0,0.0,0.0,0.0,0.0,0.0,0.0,0.0,0.0,0.0,0.0,0.0,0.0,0.0,0.0,0.0,0.0,0.0,0.0,0.0,0.0,0.0,0.0,0.0,0.0,0.0,0.0,0.0,0.0,0.0,0.0,0.0,0.0,0.0
0.0,0.0,0.0,0.0,0.0,0.0,0.0,0.0,0.0,0.0,0.0,0.0,0.0,0.0,0.0,0.0,0.0,0.0,0.0,0.0,0.0,0.0,0.0,0.0,0.0,0.0,0.0,0.0,0.0,0.0,0.0,0.0,0.0,0.0,0.0,0.0,0.0,0.0,0.0,0.0
0.0,0.0,0.0,0.0,0.0,0.0,0.0,0.0,0.0,0.0,0.0,0.0,0.0,0.0,0.0,0.0,0.0,0.0,0.0,0.0,0.0,0.0,0.0,0.0,0.0,0.0,0.0,0.0,0.0,0.0,0.0,0.0,0.0,0.0,0.0,0.0,0.0,0.0,0.0,0.0
0.0,0.0,0.0,0.0,0.0,0.0,0.0,0.0,0.0,0.0,0.0,0.0,0.0,0.0,0.0,0.0,0.0,0.0,0.0,0.0,0.0,0.0,0.0,0.0,0.0,0.0,0.0,0.0,0.0,0.0,0.0,0.0,0.0,0.0,0.0,0.0,0.0,0.0,0.0,0.0
0.0,0.0,0.0,0.0,0.0,0.0,0.0,0.0,0.0,0.0,0.0,0.0,0.0,0.0,0.0,0.0,0.0,0.0,0.0,0.0,0.0,0.0,0.0,0.0,0.0,0.0,0.0,0.0,0.0,0.0,0.0,0.0,0.0,0.0,0.0,0.0,0.0,0.0,0.0,0.0
0.0,0.0,0.0,0.0,0.0,0.0,0.0,0.0,0.0,0.0,0.0,0.0,0.0,0.0,0.0,0.0,0.0,0.0,0.0,0.0,0.0,0.0,0.0,0.0,0.0,0.0,0.0,0.0,0.0,0.0,0.0,0.0,0.0,0.0,0.0,0.0,0.0,0.0,0.0,0.0
0.0,0.0,0.0,0.0,0.0,0.0,0.0,0.0,0.0,0.0,0.0,0.0,0.0,0.0,0.0,0.0,0.0,0.0,0.0,0.0,0.0,0.0,0.0,0.0,0.0,0.0,0.0,0.0,0.0,0.0,0.0,0.0,0.0,0.0,0.0,0.0,0.0,0.0,0.0,0.0
0.0,0.0,0.0,0.0,0.0,0.0,0.0,0.0,0.0,0.0,0.0,0.0,0.0,0.0,0.0,0.0,0.0,0.0,0.0,0.0,0.0,0.0,0.0,0.0,0.0,0.0,0.0,0.0,0.0,0.0,0.0,0.0,0.0,0.0,0.0,0.0,0.0,0.0,0.0,0.0
0.0,0.0,0.0,0.0,0.0,0.0,0.0,0.0,0.0,0.0,0.0,0.0,0.0,0.0,0.0,0.0,0.0,0.0,0.0,0.0,0.0,0.0,0.0,0.0,0.0,0.0,0.0,0.0,0.0,0.0,0.0,0.0,0.0,0.0,0.0,0.0,0.0,0.0,0.0,0.0
0.0,0.0,0.0,0.0,0.0,0.0,0.0,0.0,0.0,0.0,0.0,0.0,0.0,0.0,0.0,0.0,0.0,0.0,0.0,0.0,0.0,0.0,0.0,0.0,0.0,0.0,0.0,0.0,0.0,0.0,0.0,0.0,0.0,0.0,0.0,0.0,0.0,-0.001,0.0,0.0
0.0,0.0,0.0,0.0,0.0,0.0,0.0,0.0,0.0,0.0,0.0,0.0,0.0,0.0,0.0,0.0,0.0,0.0,0.0,0.0,0.0,0.0,0.0,0.0,0.0,0.0,0.0,0.0,0.0,0.0,0.0,0.0,0.0,0.0,0.0,0.0,0.0,0.0,0.0,0.0
0.0,0.0,0.0,0.0,0.0,0.0,0.0,0.0,0.0,0.0,0.0,0.0,0.0,0.0,0.0,0.0,0.0,0.0,0.0,0.0,0.0,0.0,0.0,0.0,0.0,0.0,0.0,0.0,0.0,0.0,0.0,0.0,0.0,0.0,0.0,0.0,0.0,0.0,0.0,0.0
0.0,0.0,0.0,0.0,0.0,0.0,0.0,0.0,0.0,0.0,0.0,0.0,0.0,0.0,0.0,0.0,0.0,0.0,0.0,0.0,0.0,0.0,0.0,0.0,0.0,0.0,0.0,0.0,0.0,0.0,0.0,0.0,0.0,0.0,0.0,0.0,0.0,0.0,0.0,0.0
0.0,0.0,0.0,0.0,0.0,0.0,0.0,0.0,0.0,0.0,0.0,0.0,0.0,0.0,0.0,0.0,0.0,0.0,0.0,0.0,0.0,0.0,0.0,0.0,0.0,0.0,0.0,0.0,0.0,0.0,0.0,0.0,0.0,0.0,0.0,0.0,0.0,0.0,0.0,0.0
0.0,0.0,0.0,0.0,0.0,0.0,0.0,0.0,0.0,0.0,0.0,0.0,0.0,0.0,0.0,0.0,0.0,0.0,0.0,0.0,0.0,0.0,0.0,0.0,0.0,0.0,0.0,0.0,0.0,0.0,0.0,0.0,0.0,0.0,0.0,0.0,0.0,0.0,0.0,0.0
0.0,0.0,0.0,0.0,0.0,0.0,0.0,0.0,0.0,0.0,0.0,0.0,0.0,0.0,0.0,0.0,0.0,0.0,0.0,0.0,0.0,0.0,0.0,0.0,0.0,0.0,0.0,0.0,0.0,0.0,0.0,0.0,0.0,0.0,0.0,0.0,0.0,0.0,0.0,0.0
0.0,0.0,0.0,0.0,0.0,0.0,0.0,0.0,0.0,0.0,0.0,0.0,0.0,0.0,0.0,0.0,0.0,0.0,0.0,0.0,0.0,0.0,0.0,0.0,0.0,0.0,0.0,0.0,0.0,0.0,0.0,0.0,0.0,0.0,0.0,0.0,0.0,0.0,0.0,0.0
0.0,0.0,0.0,0.0,0.0,0.0,0.0,0.0,0.0,0.0,0.0,0.0,0.0,0.0,0.0,0.0,0.0,0.0,0.0,0.0,0.0,0.0,0.0,0.0,0.0,0.0,0.0,0.0,0.0,0.0,0.0,0.0,0.0,0.0,0.0,0.0,0.0,0.0,0.0,0.0
0.0,0.0,0.0,0.0,0.0,0.0,0.0,0.0,0.0,0.0,0.0,0.0,0.0,0.0,0.0,0.0,0.0,0.0,0.0,0.0,0.0,0.0,0.0,0.0,0.0,0.0,0.0,0.0,0.0,0.0,0.0,0.0,0.0,0.0,0.0,0.0,0.0,0.0,0.0,0.0
0.0,0.0,0.0,0.0,0.0,0.0,0.0,0.0,0.0,0.0,0.0,0.0,0.0,0.0,0.0,0.0,0.0,0.0,0.0,0.0,0.0,0.0,0.0,0.0,0.0,0.0,0.0,0.0,0.0,0.0,0.0,0.0,0.0,0.0,0.0,0.0,0.0,0.0,0.0,0.0
0.0,0.0,0.0,0.0,0.0,0.0,0.0,0.0,0.0,0.0,0.0,0.0,0.0,0.0,0.0,0.0,0.0,0.0,0.0,0.0,0.0,0.0,0.0,0.0,0.0,0.0,0.0,0.0,0.0,0.0,0.0,0.0,0.0,0.0,0.0,0.0,0.0,0.0,0.0,0.0
0.0,0.0,0.0,0.0,0.0,0.0,0.0,0.0,0.0,0.0,0.0,0.0,0.0,0.0,0.0,0.0,0.0,0.0,0.0,0.0,0.0,0.0,0.0,0.0,0.0,0.0,0.0,0.0,0.0,0.0,0.0,0.0,0.0,0.0,0.0,0.0,0.0,0.0,0.0,0.0
0.0,0.0,0.0,0.0,0.0,0.0,0.0,0.0,0.0,0.0,0.0,0.0,0.0,0.0,0.0,0.0,0.0,0.0,0.0,0.0,0.0,0.0,0.0,0.0,0.0,0.0,0.0,0.0,0.0,0.0,0.0,0.0,0.0,0.0,0.0,0.0,0.0,0.0,0.0,0.0
0.0,0.0,0.0,0.0,0.0,0.0,0.0,0.0,0.0,0.0,0.0,0.0,0.0,0.0,0.0,0.0,0.0,0.0,0.0,0.0,0.0,0.0,0.0,0.0,0.0,0.0,0.0,0.0,0.0,0.0,0.0,0.0,0.0,0.0,0.0,0.0,0.0,0.0,0.0,0.0
0.0,0.0,0.0,0.0,0.0,0.0,0.0,0.0,0.0,0.0,0.0,0.0,0.0,0.0,0.0,0.0,0.0,0.0,0.0,0.0,0.0,0.0,0.0,0.0,0.0,0.0,0.0,0.0,0.0,0.0,0.0,0.0,0.0,0.0,0.0,0.0,0.0,0.0,0.0,0.0
0.0,0.0,0.0,0.0,0.0,0.0,0.0,0.0,0.0,0.0,0.0,0.0,0.0,0.0,0.0,0.0,0.0,0.0,0.0,0.0,0.0,0.0,0.0,0.0,0.0,0.0,0.0,0.0,0.0,0.0,0.0,0.0,0.0,0.0,0.0,0.0,0.0,0.0,0.0,0.0
0.0,0.0,0.0,0.0,0.0,0.0,0.0,0.0,0.0,0.0,0.0,0.0,0.0,0.0,0.0,0.0,0.0,0.0,0.0,0.0,0.0,0.0,0.0,0.0,0.0,0.0,0.0,0.0,0.0,0.0,0.0,0.0,0.0,0.0,0.0,0.0,0.0,0.0,0.0,0.0
0.0,0.0,0.0,0.0,0.0,0.0,0.0,0.0,0.0,0.0,0.0,0.0,0.0,0.0,0.0,0.0,0.0,0.0,0.0,0.0,0.0,0.0,0.0,0.0,0.0,0.0,0.0,0.0,0.0,0.0,0.0,0.0,0.0,0.0,0.0,0.0,0.0,0.0,0.0,0.0
0.0,0.0,0.0,0.0,0.0,0.0,0.0,0.0,0.0,0.0,0.0,0.0,0.0,0.0,0.0,0.0,0.0,0.0,0.0,0.0,0.0,0.0,0.0,0.0,0.0,0.0,0.0,0.0,0.0,0.0,0.0,0.0,0.0,0.0,0.0,0.0,0.0,0.0,0.0,0.0
0.0,0.0,0.0,0.0,0.0,0.0,0.0,0.0,0.0,0.0,0.0,0.0,0.0,0.0,0.0,0.0,0.0,0.0,0.0,0.0,0.0,0.0,0.0,0.0,0.0,0.0,0.0,0.0,0.0,0.0,0.0,0.0,0.0,0.0,0.0,0.0,0.0,0.0,0.0,0.0
0.0,0.0,0.0,0.0,0.0,0.0,0.0,0.0,0.0,0.0,0.0,0.0,0.0,0.0,0.0,0.0,0.0,0.0,0.0,0.0,0.0,0.0,0.0,0.0,0.0,0.0,0.0,0.0,0.0,0.0,0.0,0.0,0.0,0.0,0.0,0.0,0.0,0.0,0.0,0.0
0.0,0.0,0.0,0.0,0.0,0.0,0.0,0.0,0.0,0.0,0.0,0.0,0.0,0.0,0.0,0.0,0.0,0.0,0.0,0.0,0.0,0.0,0.0,0.0,0.0,0.0,0.0,0.0,0.0,0.0,0.0,0.0,0.0,0.0,0.0,0.0,0.0,0.0,0.0,0.0
0.0,0.0,0.0,0.0,0.0,0.0,0.0,0.0,0.0,0.0,0.0,0.0,0.0,0.0,0.0,0.0,0.0,0.0,0.0,0.0,0.0,0.0,0.0,0.0,0.0,0.0,0.0,0.0,0.0,0.0,0.0,0.0,0.0,0.0,0.0,0.0,0.0,0.0,0.0,0.0
0.0,0.0,0.0,0.0,0.0,0.0,0.0,0.0,0.0,0.0,0.0,0.0,0.0,0.0,0.0,0.0,0.0,0.0,0.0,0.0,0.0,0.0,0.0,0.0,0.0,0.0,0.0,0.0,0.0,0.0,0.0,0.0,0.0,0.0,0.0,0.0,0.0,0.0,0.0,0.0
0.0,0.0,0.0,0.0,0.0,0.0,0.0,0.0,0.0,0.0,0.0,0.0,0.0,0.0,0.0,0.0,0.0,0.0,0.0,0.0,0.0,0.0,0.0,0.0,0.0,0.0,0.0,0.0,0.0,0.0,0.0,0.0,0.0,0.0,0.0,0.0,0.0,0.0,0.0,0.0
0.0,0.0,0.0,0.0,0.0,0.0,0.0,0.0,0.0,0.0,0.0,0.0,0.0,0.0,0.0,0.0,0.0,0.0,0.0,0.0,0.0,0.0,0.0,0.0,0.0,0.0,0.0,0.0,0.0,0.0,0.0,0.0,0.0,0.0,0.0,0.0,0.0,0.0,0.0,0.0
0.0,0.0,0.0,0.0,0.0,0.0,0.0,0.0,0.0,0.0,0.0,0.0,0.0,0.0,0.0,0.0,0.0,0.0,0.0,0.0,0.0,0.0,0.0,0.0,0.0,0.0,0.0,0.0,0.0,0.0,0.0,0.0,0.0,0.0,0.0,0.0,0.0,0.0,0.0,0.0
0.0,0.0,0.0,0.0,0.0,0.0,0.0,0.0,0.0,0.0,0.0,0.0,0.0,0.0,0.0,0.0,0.0,0.0,0.0,0.0,0.0,0.0,0.0,0.0,0.0,0.0,0.0,0.0,0.0,0.0,0.0,0.0,0.0,0.0,0.0,0.0,0.0,0.0,0.0,0.0
0.0,0.0,0.0,0.0,0.0,0.0,0.0,0.0,0.0,0.0,0.0,0.0,0.0,0.0,0.0,0.0,0.0,0.0,0.0,0.0,0.0,0.0,0.0,0.0,0.0,0.0,0.0,0.0,0.0,0.0,0.0,0.0,0.0,0.0,0.0,0.0,0.0,0.0,0.0,0.0
0.0,0.0,0.0,0.0,0.0,0.0,0.0,0.0,0.0,0.0,0.0,0.0,0.0,0.0,0.0,0.0,0.0,0.0,0.0,0.0,0.0,0.0,0.0,0.0,0.0,0.0,0.0,0.0,0.0,0.0,0.0,0.0,0.0,0.0,0.0,0.0,0.0,0.0,0.0,0.0
0.0,0.0,0.0,0.0,0.0,0.0,0.0,0.0,0.0,0.0,0.0,0.0,0.0,0.0,0.0,0.0,0.0,0.0,0.0,0.0,0.0,0.0,0.0,0.0,0.0,0.0,0.0,0.0,0.0,0.0,0.0,0.0,0.0,0.0,0.0,0.0,0.0,0.0,0.0,0.0
0.0,0.0,0.0,0.0,0.0,0.0,0.0,0.0,0.0,0.0,0.0,0.0,0.0,0.0,0.0,0.0,0.0,0.0,0.0,0.0,0.0,0.0,0.0,0.0,0.0,0.0,0.0,0.0,0.0,0.0,0.0,0.0,0.0,0.0,0.0,0.0,0.0,0.0,0.0,0.0
0.0,0.0,0.0,0.0,0.0,0.0,0.0,0.0,0.0,0.0,0.0,0.0,0.0,0.0,0.0,0.0,0.0,0.0,0.0,0.0,0.0,0.0,0.0,0.0,0.0,0.0,0.0,0.0,0.0,0.0,0.0,0.0,0.0,0.0,0.0,0.0,0.0,0.0,0.0,0.0
0.0,0.0,0.0,0.0,0.0,0.0,0.0,0.0,0.0,0.0,0.0,0.0,0.0,0.0,0.0,0.0,0.0,0.0,0.0,0.0,0.0,0.0,0.0,0.0,0.0,0.0,0.0,0.0,0.0,0.0,0.0,0.0,0.0,0.0,0.0,0.0,0.0,0.0,0.0,0.0
0.0,0.0,0.0,0.0,0.0,0.0,0.0,0.0,0.0,0.0,0.0,0.0,0.0,0.0,0.0,0.0,0.0,0.0,0.0,0.0,0.0,0.0,0.0,0.0,0.0,0.0,0.0,0.0,0.0,0.0,0.0,0.0,0.0,0.0,0.0,0.0,0.0,0.0,0.0,0.0
0.0,0.0,0.0,0.0,0.0,0.0,0.0,0.0,0.0,0.0,0.0,0.0,0.0,0.0,0.0,0.0,0.0,0.0,0.0,0.0,0.0,0.0,0.0,0.0,0.0,0.0,0.0,0.0,0.0,0.0,0.0,0.0,0.0,0.0,0.0,0.0,0.0,0.0,0.0,0.0
0.0,0.0,0.0,0.0,0.0,0.0,0.0,0.0,0.0,0.0,0.0,0.0,0.0,0.0,0.0,0.0,0.0,0.0,0.0,0.0,0.0,0.0,0.0,0.0,0.0,0.0,0.0,0.0,0.0,0.0,0.0,0.0,0.0,0.0,0.0,0.0,0.0,0.0,0.0,0.0
0.0,0.0,0.0,0.0,0.0,0.0,0.0,0.0,0.0,0.0,0.0,0.0,0.0,0.0,0.0,0.0,0.0,0.0,0.0,0.0,0.0,0.0,0.0,0.0,0.0,0.0,0.0,0.0,0.0,0.0,0.0,0.0,0.0,0.0,0.0,0.0,0.0,0.0,0.0,0.0
0.0,0.0,0.0,0.0,0.0,0.0,0.0,0.0,0.0,0.0,0.0,0.0,0.0,0.0,0.0,0.0,0.0,0.0,0.0,0.0,0.0,0.0,0.0,0.0,0.0,0.0,0.0,0.0,0.0,0.0,0.0,0.0,0.0,0.0,0.0,0.0,0.0,0.0,0.0,0.0
0.0,0.0,0.0,0.0,0.0,0.0,0.0,0.0,0.0,0.0,0.0,0.0,0.0,0.0,0.0,0.0,0.0,0.0,0.0,0.0,0.0,0.0,0.0,0.0,0.0,0.0,0.0,0.0,0.0,0.0,0.0,0.0,0.0,0.0,0.0,0.0,0.0,0.0,0.0,0.0
0.0,0.0,0.0,0.0,0.0,0.0,0.0,0.0,0.0,0.0,0.0,0.0,0.0,0.0,0.0,0.0,0.0,0.0,0.0,0.0,0.0,0.0,0.0,0.0,0.0,0.0,0.0,0.0,0.0,0.0,0.0,0.0,0.0,0.0,0.0,0.0,0.0,0.0,0.0,0.0
0.0,0.0,0.0,0.0,0.0,0.0,0.0,0.0,0.0,0.0,0.0,0.0,0.0,0.0,0.0,0.0,0.0,0.0,0.0,0.0,0.0,0.0,0.0,0.0,0.0,0.0,0.0,0.0,0.0,0.0,0.0,0.0,0.0,0.0,0.0,0.0,0.0,0.0,0.0,0.0
0.0,0.0,0.0,0.0,0.0,0.0,0.0,0.0,0.0,0.0,0.0,0.0,0.0,0.0,0.0,0.0,0.0,0.0,0.0,0.0,0.0,0.0,0.0,0.0,-0.001,0.0,0.0,0.0,0.0,0.0,0.0,0.0,0.0,0.0,0.0,0.0,0.0,0.0,0.0,0.0
0.0,-0.004,-0.002,-0.01,-0.003,-0.011,-0.017,-0.003,0.0,-0.011,-0.006,-0.007,-0.013,-0.012,0.0,-0.011,0.0,-0.011,-0.023,-0.006,-0.024,0.0,-0.008,-0.027,-0.036,-0.08,-0.062,-0.005,-0.022,0.0,-0.007,-0.001,-0.011,-0.061,-0.121,-0.174,0.0,0.0,-0.001,0.0
-0.451,-0.036,-0.153,-0.155,-0.25,-0.059,-0.088,-0.493,-0.556,-0.091,-0.084,-0.121,-0.067,-0.049,-0.02,-0.047,-0.015,-0.547,-0.063,-0.061,-0.792,0.0,-0.09,-0.23,-0.077,-0.333,-0.326,-0.066,-0.093,-0.029,-0.771,-0.013,-0.115,-0.246,-0.442,-0.887,-0.028,-0.218,-0.055,0.0
-1.491,-0.114,-0.916,-0.479,-1.47,-0.537,-0.251,-1.745,-1.699,-0.26,-0.308,-0.356,-0.164,-0.167,-0.311,-0.683,-0.343,-1.97,-0.108,-0.726,-1.716,0.0,-0.27,-0.502,-0.292,-0.68,-0.691,-0.942,-0.221,-0.091,-1.514,-0.044,-0.37,-0.579,-0.845,-1.119,-0.159,-0.587,-0.288,-0.011
-2.25,-0.235,-1.615,-1.259,-2.168,-1.637,-0.803,-2.371,-2.323,-0.486,-0.579,-0.79,-0.295,-0.54,-0.543,-1.63,-0.631,-2.894,-0.197,-1.117,-1.958,-0.007,-0.71,-0.883,-1.125,-1.035,-1.049,-2.038,-0.351,-0.276,-2.035,-0.235,-0.599,-0.974,-1.268,-1.459,-0.354,-0.961,-0.626,-0.03
-2.683,-0.47,-2.738,-1.601,-2.892,-2.207,-1.251,-2.836,-2.786,-0.921,-1.002,-1.113,-0.457,-1.115,-0.774,-1.931,-0.886,-3.321,-0.944,-1.453,-2.119,-0.013,-1.045,-1.261,-1.652,-1.352,-1.365,-2.67,-0.478,-0.588,-2.513,-2.055,-0.89,-1.362,-1.589,-1.91,-0.591,-1.286,-1.114,-0.042
-2.985,-0.834,-3.06,-1.736,-3.132,-2.632,-1.748,-3.194,-3.164,-1.439,-1.407,-1.423,-0.677,-1.576,-0.958,-2.133,-1.137,-3.665,-2.117,-1.776,-2.324,-0.664,-1.344,-1.554,-1.941,-1.659,-1.678,-3.021,-0.59,-0.999,-2.918,-2.686,-1.189,-1.738,-1.923,-2.161,-0.885,-1.671,-1.553,-0.061
-3.117,-1.384,-3.273,-1.852,-3.367,-3.493,-2.106,-3.454,-3.439,-1.911,-1.896,-1.715,-0.945,-1.874,-1.144,-2.702,-1.385,-3.848,-2.483,-2.072,-2.654,-1.122,-1.556,-1.816,-2.202,-1.942,-1.959,-3.24,-1.845,-1.616,-3.281,-3.274,-1.504,-2.125,-2.214,-2.365,-1.145,-2.077,-1.902,-0.07
-3.273,-1.796,-3.42,-2.414,-3.509,-3.731,-2.431,-3.662,-3.655,-2.229,-2.226,-2.001,-1.124,-2.147,-1.855,-3.096,-1.636,-3.144,-2.755,-2.347,-2.855,-1.341,-1.821,-2.101,-2.464,-2.213,-2.232,-3.406,-3.166,-2.215,-3.582,-3.687,-1.817,-2.402,-2.479,-2.918,-1.489,-2.389,-2.19,-0.076
-3.425,-2.085,-3.514,-3.745,-3.674,-3.868,-2.717,-3.838,-3.815,-2.524,-2.515,-2.267,-1.35,-2.402,-2.331,-3.395,-1.852,-4.141,-2.997,-2.532,-2.867,-1.549,-2.054,-2.363,-2.709,-2.455,-2.475,-3.564,-3.329,-2.395,-3.711,-3.834,-2.097,-2.64,-2.718,-3.197,-1.767,-2.679,-2.416,-0.083
-3.736,-2.347,-3.389,-3.883,-3.799,-3.963,-2.943,-3.943,-3.941,-2.757,-2.746,-2.511,-1.555,-2.638,-2.607,-3.507,-2.041,-4.257,-3.234,-2.743,-2.835,-1.738,-2.303,-2.614,-2.913,-2.681,-2.702,-3.675,-3.458,-2.859,-3.794,-3.938,-2.358,-2.843,-2.914,-3.468,-1.971,-2.949,-2.627,-0.404
-3.803,-2.572,-3.24,-3.96,-3.897,-4.012,-3.164,-4.045,-4.043,-2.943,-2.936,-2.717,-1.734,-2.826,-2.786,-3.61,-2.221,-4.334,-3.441,-2.947,-2.777,-1.907,-2.519,-2.803,-3.11,-2.896,-2.916,-3.749,-3.566,-3.046,-3.877,-4.022,-2.636,-3.022,-3.089,-3.586,-2.178,-3.177,-2.822,-3.571
-3.85,-2.786,-3.253,-4.04,-3.916,-4.075,-3.368,-4.155,-4.171,-3.145,-3.139,-2.912,-1.923,-3.007,-2.979,-3.671,-2.395,-4.333,-3.591,-3.102,-2.684,-2.0,-2.691,-3.012,-3.289,-3.079,-3.105,-3.818,-3.694,-3.191,-3.953,-4.081,-2.89,-3.194,-3.253,-3.683,-2.412,-3.355,-2.992,-3.631
-3.875,-2.973,-2.946,-4.053,-3.956,-4.058,-3.538,-4.235,-4.238,-3.324,-3.321,-3.075,-2.044,-3.156,-3.146,-3.722,-2.549,-4.4,-3.74,-3.213,-2.568,-2.351,-2.839,-3.213,-3.436,-3.253,-3.28,-3.884,-3.8,-3.355,-4.024,-4.127,-3.083,-3.343,-3.395,-3.678,-2.661,-3.523,-3.135,-3.565
-3.851,-3.154,-3.025,-4.087,-4.077,-4.001,-3.681,-4.263,-4.256,-3.485,-3.479,-3.211,-2.177,-3.303,-3.288,-3.784,-2.685,-4.499,-3.911,-3.355,-2.432,-2.726,-2.975,-3.345,-3.568,-3.394,-3.428,-3.929,-3.864,-3.479,-4.047,-4.166,-3.235,-3.474,-3.528,-3.793,-2.949,-3.669,-3.254,-3.559
-3.894,-3.295,-3.81,-4.127,-4.102,-4.127,-3.813,-4.291,-4.294,-3.619,-3.611,-3.33,-2.316,-3.441,-3.433,-3.792,-2.801,-4.554,-4.017,-3.434,-2.351,-2.805,-3.083,-3.436,-3.675,-3.515,-3.545,-3.951,-3.912,-3.585,-4.06,-4.221,-3.366,-3.567,-3.623,-3.736,-3.123,-3.8,-3.362,-3.568
-3.918,-3.417,-3.935,-4.13,-4.099,-4.212,-3.918,-4.318,-4.338,-3.733,-3.725,-3.429,-2.432,-3.559,-3.554,-3.803,-2.909,-4.578,-4.101,-3.505,-2.222,-2.956,-3.192,-3.486,-3.762,-3.617,-3.652,-3.979,-3.955,-3.646,-4.061,-4.217,-3.49,-3.65,-3.702,-3.78,-3.25,-3.915,-3.458,-3.568
-3.929,-3.52,-3.949,-4.154,-4.104,-4.273,-4.001,-4.344,-4.349,-3.846,-3.841,-3.515,-2.508,-3.646,-3.635,-3.792,-2.992,-4.589,-4.165,-3.604,-2.096,-3.071,-3.273,-3.53,-3.831,-3.699,-3.736,-4.003,-3.977,-3.71,-4.047,-4.234,-3.59,-3.731,-3.782,-3.72,-3.355,-3.989,-3.514,-3.023
-3.945,-3.596,-3.946,-4.174,-4.086,-4.314,-4.048,-4.345,-4.369,-3.936,-3.932,-3.593,-2.574,-3.721,-3.661,-3.756,-3.039,-4.622,-4.231,-3.688,-1.961,-3.136,-3.338,-3.582,-3.881,-3.768,-3.808,-4.029,-3.948,-3.742,-4.064,-4.22,-3.654,-3.779,-3.837,-3.767,-3.432,-4.067,-3.565,-3.555
-3.969,-3.672,-3.968,-4.191,-4.134,-4.39,-4.104,-4.358,-4.383,-4.005,-4.002,-3.64,-2.614,-3.749,-3.733,-3.731,-3.084,-4.631,-4.228,-3.756,-1.773,-3.208,-3.359,-3.626,-3.899,-3.829,-3.86,-4.025,-3.964,-3.751,-4.086,-4.214,-3.7,-3.802,-3.857,-3.726,-3.5,-4.131,-3.59,-3.578
-3.945,-3.733,-3.977,-4.19,-4.146,-4.353,-4.101,-4.362,-4.381,-4.018,-4.019,-3.654,-2.667,-3.784,-3.771,-3.703,-3.126,-4.637,-4.234,-3.811,-1.561,-3.234,-3.408,-3.654,-3.912,-3.835,-3.862,-4.023,-4.005,-3.773,-4.088,-4.202,-3.757,-3.801,-3.862,-3.758,-3.562,-4.149,-3.597,-3.588
-3.945,-3.769,-3.958,-4.168,-4.121,-4.323,-4.109,-4.352,-4.364,-3.993,-4.016,-3.643,-2.684,-3.797,-3.771,-3.664,-3.14,-4.594,-4.207,-3.829,-3.226,-3.257,-3.449,-3.651,-3.898,-3.848,-3.876,-4.032,-4.017,-3.769,-4.069,-4.187,-3.771,-3.828,-3.873,-3.714,-3.6,-4.161,-3.589,-3.606
-3.938,-3.785,-3.905,-4.13,-4.081,-4.289,-4.108,-4.308,-4.339,-3.998,-4.025,-3.617,-2.69,-3.808,-3.73,-3.579,-3.122,-4.599,-4.185,-3.824,-3.902,-3.242,-3.434,-3.628,-3.873,-3.836,-3.872,-4.032,-4.023,-3.752,-4.046,-4.196,-3.759,-3.783,-3.835,-3.766,-3.622,-4.14,-3.601,-3.591
-3.919,-3.822,-3.897,-4.167,-4.08,-4.256,-4.087,-4.278,-4.307,-3.983,-4.011,-3.569,-2.67,-3.786,-3.703,-3.458,-3.091,-4.57,-4.171,-3.818,-4.13,-3.217,-3.438,-3.613,-3.837,-3.81,-3.852,-4.03,-4.013,-3.743,-4.043,-4.191,-3.73,-3.732,-3.815,-3.727,-3.625,-4.104,-3.578,-3.579
-3.895,-3.805,-3.906,-4.183,-4.072,-4.242,-4.032,-4.233,-4.264,-3.932,-3.969,-3.511,-2.642,-3.725,-3.641,-3.338,-3.049,-4.602,-4.136,-3.784,-4.167,-3.172,-3.376,-3.567,-3.74,-3.756,-3.787,-4.013,-3.969,-3.722,-4.025,-4.143,-3.68,-3.691,-3.766,-3.746,-3.582,-4.126,-3.535,-3.565
-3.884,-3.784,-3.17,-4.159,-4.029,-4.227,-3.937,-4.157,-4.187,-3.865,-3.9,-3.409,-2.592,-3.644,-3.521,-3.226,-2.993,-4.561,-4.046,-3.713,-4.137,-3.121,-3.312,-3.516,-3.686,-3.684,-3.717,-3.969,-3.946,-3.704,-4.001,-4.127,-3.607,-3.609,-3.679,-3.696,-3.555,-4.123,-3.504,-3.539
-3.867,-3.741,-2.952,-4.116,-3.978,-4.255,-3.854,-4.091,-4.152,-3.765,-3.802,-3.31,-2.533,-3.606,-3.367,-3.1,-2.921,-4.537,-3.935,-3.626,-4.098,-3.047,-3.223,-3.428,-3.583,-3.611,-3.643,-3.937,-3.887,-3.647,-3.954,-4.114,-3.542,-3.508,-3.581,-3.725,-3.518,-4.051,-3.451,-3.516
-3.825,-3.688,-2.918,-4.096,-3.956,-4.229,-3.772,-4.052,-4.107,-3.664,-3.688,-3.208,-2.462,-3.522,-3.23,-2.987,-2.825,-4.513,-3.789,-3.547,-4.06,-2.968,-3.123,-3.343,-3.473,-3.527,-3.565,-3.901,-3.844,-3.592,-3.929,-4.087,-3.458,-3.394,-3.465,-3.675,-1.359,-3.927,-3.322,-3.519
-3.782,-3.61,-3.225,-4.091,-3.924,-4.191,-3.642,-4.009,-4.063,-3.539,-3.561,-3.093,-2.384,-3.389,-3.103,-2.829,-2.711,-4.509,-3.65,-3.438,-4.028,-2.847,-3.023,-3.213,-3.327,-3.402,-3.433,-3.892,-3.81,-3.508,-3.883,-4.062,-3.333,-3.265,-3.33,-3.675,-3.29,-3.801,-3.184,-3.515
-3.716,-3.502,-3.232,-4.044,-3.892,-3.933,-3.522,-3.974,-4.01,-3.397,-3.413,-2.937,-2.275,-3.238,-2.943,-2.651,-2.606,-4.445,-3.485,-3.31,-3.98,-2.705,-2.875,-2.455,-3.175,-3.273,-3.296,-3.85,-3.757,-3.395,-3.824,-4.027,-3.202,-3.106,-3.175,-3.669,-3.255,-3.654,-3.039,-3.472
-3.626,-3.389,-3.524,-3.919,-3.788,-4.014,-3.382,-3.904,-3.951,-3.215,-3.242,-2.775,-2.145,-3.096,-2.795,-2.505,-2.487,-4.382,-3.288,-3.199,-3.94,-2.56,-2.716,-2.932,-3.003,-3.104,-3.124,-3.793,-3.623,-3.307,-3.769,-3.99,-3.048,-2.966,-3.035,-3.655,-3.124,-3.482,-2.875,-3.431
-3.595,-3.247,-3.594,-3.83,-3.69,-4.002,-3.193,-3.837,-3.871,-3.011,-3.039,-2.621,-2.002,-2.925,-2.597,-2.333,-2.347,-4.284,-3.086,-3.036,-3.885,-2.379,-2.583,-2.744,-2.814,-2.925,-2.95,-3.687,-3.341,-3.168,-3.715,-3.933,-2.882,-2.729,-2.786,-3.598,-2.97,-3.293,-2.675,-3.388
-3.518,-3.073,-3.523,-3.714,-3.656,-3.912,-2.996,-3.716,-3.744,-2.785,-2.811,-2.396,-1.845,-2.717,-2.456,-2.167,-2.176,-4.215,-2.861,-2.832,-3.812,-2.1,-2.384,-2.514,-2.59,-2.722,-2.74,-3.553,-3.004,-3.031,-3.615,-3.809,-2.655,-2.393,-2.493,-3.462,-1.159,-3.074,-2.445,-3.332
-3.311,-2.878,-3.421,-3.016,-3.531,-3.902,-2.807,-3.619,-3.631,-2.548,-2.568,-2.2,-1.668,-2.48,-2.184,-1.976,-1.987,-4.135,-2.593,-2.589,-3.714,-1.663,-2.177,-2.302,-2.343,-2.504,-2.519,-3.382,-2.63,-2.573,-3.527,-3.716,-2.358,-2.176,-2.257,-3.094,-2.614,-2.842,-2.2,-3.268
-2.999,-2.658,-3.313,-2.424,-3.41,-3.685,-2.593,-3.465,-3.494,-2.294,-2.316,-1.981,-1.479,-2.287,-1.937,-1.813,-1.753,-4.01,-2.296,-2.361,-3.545,-1.47,-1.982,-2.056,-2.096,-2.264,-2.279,-3.251,-2.193,-2.039,-3.387,-3.619,-2.006,-2.025,-2.081,-2.657,-2.389,-2.575,-1.972,-3.168
-2.93,-2.395,-3.154,-1.983,-3.234,-3.615,-2.314,-3.284,-3.312,-2.012,-2.034,-1.762,-1.086,-2.021,-1.685,-1.659,-1.501,-3.834,-1.955,-2.091,-3.385,-1.255,-1.735,-1.834,-1.832,-2.001,-2.008,-3.102,-1.686,-1.79,-3.237,-3.461,-1.727,-1.757,-1.828,-2.12,-2.154,-2.286,-1.66,-3.067
-2.712,-2.112,-2.901,-1.573,-3.021,-2.912,-1.997,-3.08,-3.1,-1.713,-1.725,-1.507,-0.516,-1.732,-1.451,-0.7,-1.287,-3.692,-1.55,-1.723,-3.162,-1.035,-1.462,-1.601,-1.549,-1.724,-1.724,-2.921,-1.205,-1.358,-3.026,-3.264,-1.423,-1.48,-1.542,-1.344,-1.888,-1.773,-1.349,-2.955
-2.224,-1.773,-2.686,-1.541,-2.754,-2.377,-1.678,-2.884,-2.872,-1.409,-1.42,-1.229,-0.169,-1.436,-1.123,-0.141,-1.085,-3.481,-1.083,-1.3,-2.94,-0.79,-1.168,-1.313,-1.254,-1.455,-1.451,-2.643,-0.741,-0.945,-2.718,-3.04,-1.071,-1.156,-1.209,-1.168,-1.592,-0.767,-0.988,-2.811
-1.703,-0.713,-1.731,-0.987,-2.316,-1.981,-1.305,-2.612,-2.547,-0.917,-0.991,-0.844,-0.126,-1.098,-0.802,-0.128,-0.835,-3.201,-0.654,-0.945,-2.649,-0.552,-0.868,-0.987,-0.94,-1.134,-1.124,-2.238,-0.94,-0.565,-2.311,-2.713,-0.649,-0.856,-0.902,-1.141,-1.275,-0.122,-0.441,-2.64
-1.363,-0.092,-1.03,-0.088,-1.528,-1.398,-0.325,-2.178,-1.389,-0.528,-0.543,-0.236,-0.103,-0.752,-0.554,-0.108,-0.598,-2.723,-0.36,-0.647,-2.25,-0.301,-0.543,-0.65,-0.588,-0.789,-0.775,-1.667,-0.675,-0.287,-0.314,-2.189,-0.281,-0.48,-0.508,-0.904,-0.93,-0.105,-0.216,-2.383
-0.881,-0.046,-0.334,-0.039,-0.36,-0.658,-0.093,-1.067,-0.205,-0.242,-0.201,-0.087,-0.074,-0.436,-0.32,-0.084,-0.291,-1.982,-0.153,-0.348,-1.629,-0.085,-0.323,-0.345,-0.168,-0.354,-0.324,-0.599,-0.27,-0.058,-0.045,-1.374,-0.101,-0.189,-0.177,-0.062,-0.532,-0.083,-0.173,-1.165
-0.18,-0.018,0.0,-0.016,0.0,-0.224,-0.05,-0.044,-0.021,-0.039,-0.027,-0.034,-0.035,-0.142,-0.105,-0.051,-0.045,-0.784,-0.046,-0.091,-0.09,-0.008,-0.137,-0.035,-0.051,-0.054,-0.035,-0.017,-0.048,-0.022,-0.009,-0.007,-0.033,-0.013,-0.018,-0.024,-0.185,-0.055,-0.071,-0.04
0.0,0.0,0.0,-0.001,0.0,-0.002,-0.007,-0.005,-0.001,-0.002,0.0,0.0,-0.003,-0.001,-0.01,-0.014,-0.006,-0.011,-0.006,-0.013,-0.039,-0.001,-0.002,-0.007,-0.005,-0.005,-0.005,0.0,-0.017,-0.002,0.0,0.0,-0.003,0.0,0.0,0.0,-0.018,-0.017,-0.014,-0.008
0.0,0.0,0.0,0.0,0.0,0.0,0.0,0.0,0.0,0.0,0.0,0.0,0.0,0.0,0.0,0.0,0.0,0.0,0.0,0.0,-0.003,0.0,0.0,0.0,0.0,0.0,0.0,0.0,-0.001,0.0,0.0,0.0,0.0,0.0,0.0,0.0,0.0,0.0,0.0,0.0
0.0,0.0,0.0,0.0,0.0,0.0,0.0,0.0,0.0,0.0,0.0,0.0,0.0,0.0,0.0,0.0,0.0,0.0,0.0,0.0,0.0,0.0,0.0,0.0,0.0,0.0,0.0,0.0,0.0,0.0,0.0,0.0,0.0,0.0,0.0,0.0,0.0,0.0,0.0,0.0
0.0,0.0,0.0,0.0,0.0,0.0,0.0,0.0,0.0,0.0,0.0,0.0,0.0,0.0,0.0,0.0,0.0,0.0,0.0,0.0,0.0,0.0,0.0,0.0,0.0,0.0,0.0,0.0,0.0,0.0,0.0,0.0,0.0,0.0,0.0,0.0,0.0,0.0,0.0,0.0
0.0,0.0,0.0,0.0,0.0,0.0,0.0,0.0,0.0,0.0,0.0,0.0,0.0,0.0,0.0,0.0,0.0,0.0,0.0,0.0,0.0,0.0,0.0,0.0,0.0,0.0,0.0,0.0,0.0,0.0,0.0,0.0,0.0,0.0,0.0,0.0,0.0,0.0,0.0,0.0
0.0,0.0,0.0,0.0,0.0,0.0,0.0,0.0,0.0,0.0,0.0,0.0,0.0,0.0,0.0,0.0,0.0,0.0,0.0,0.0,0.0,0.0,0.0,0.0,0.0,0.0,0.0,0.0,0.0,0.0,0.0,0.0,0.0,0.0,0.0,0.0,0.0,0.0,0.0,0.0
0.0,0.0,0.0,0.0,0.0,0.0,0.0,0.0,0.0,0.0,0.0,0.0,0.0,0.0,0.0,0.0,0.0,0.0,0.0,0.0,0.0,0.0,0.0,0.0,0.0,0.0,0.0,0.0,0.0,0.0,0.0,0.0,0.0,0.0,0.0,0.0,0.0,0.0,0.0,0.0
0.0,0.0,0.0,0.0,0.0,0.0,0.0,0.0,0.0,0.0,0.0,0.0,0.0,0.0,0.0,0.0,0.0,0.0,0.0,0.0,0.0,0.0,0.0,0.0,0.0,0.0,0.0,0.0,0.0,0.0,0.0,0.0,0.0,0.0,0.0,0.0,0.0,0.0,0.0,0.0
0.0,0.0,0.0,0.0,0.0,0.0,0.0,0.0,0.0,0.0,0.0,0.0,0.0,0.0,0.0,0.0,0.0,0.0,0.0,0.0,0.0,0.0,0.0,0.0,0.0,0.0,0.0,0.0,0.0,0.0,0.0,0.0,0.0,0.0,0.0,0.0,0.0,0.0,0.0,0.0
0.0,0.0,0.0,0.0,0.0,0.0,0.0,0.0,0.0,0.0,0.0,0.0,0.0,0.0,0.0,0.0,0.0,0.0,0.0,0.0,0.0,0.0,0.0,0.0,0.0,0.0,0.0,0.0,0.0,0.0,0.0,0.0,0.0,0.0,0.0,0.0,0.0,0.0,0.0,0.0
0.0,0.0,0.0,0.0,0.0,0.0,0.0,0.0,0.0,0.0,0.0,0.0,0.0,0.0,0.0,0.0,0.0,0.0,0.0,0.0,0.0,0.0,0.0,0.0,0.0,0.0,0.0,0.0,0.0,0.0,0.0,0.0,0.0,0.0,0.0,0.0,0.0,0.0,0.0,0.0
0.0,0.0,0.0,0.0,0.0,0.0,0.0,0.0,0.0,0.0,0.0,0.0,0.0,0.0,0.0,0.0,0.0,0.0,0.0,0.0,0.0,0.0,0.0,0.0,0.0,0.0,0.0,0.0,0.0,0.0,0.0,0.0,0.0,0.0,0.0,0.0,0.0,0.0,0.0,0.0
0.0,0.0,0.0,0.0,0.0,0.0,0.0,0.0,0.0,0.0,0.0,0.0,0.0,0.0,0.0,0.0,0.0,0.0,0.0,0.0,0.0,0.0,0.0,0.0,0.0,0.0,0.0,0.0,0.0,0.0,0.0,0.0,0.0,0.0,0.0,0.0,0.0,0.0,0.0,0.0
0.0,0.0,0.0,0.0,0.0,0.0,0.0,0.0,0.0,0.0,0.0,0.0,0.0,0.0,0.0,0.0,0.0,0.0,0.0,0.0,0.0,0.0,0.0,0.0,0.0,0.0,0.0,0.0,0.0,0.0,0.0,0.0,0.0,0.0,0.0,0.0,0.0,0.0,0.0,0.0
0.0,0.0,0.0,0.0,0.0,0.0,0.0,0.0,0.0,0.0,0.0,0.0,0.0,0.0,0.0,0.0,0.0,0.0,0.0,0.0,0.0,0.0,0.0,0.0,0.0,0.0,0.0,0.0,0.0,0.0,0.0,0.0,0.0,0.0,0.0,0.0,0.0,0.0,0.0,0.0
0.0,0.0,0.0,0.0,0.0,0.0,0.0,0.0,0.0,0.0,0.0,0.0,0.0,0.0,0.0,0.0,0.0,0.0,0.0,0.0,0.0,0.0,0.0,0.0,0.0,0.0,0.0,0.0,0.0,0.0,0.0,0.0,0.0,0.0,0.0,0.0,0.0,0.0,0.0,0.0
0.0,0.0,0.0,0.0,0.0,0.0,0.0,0.0,0.0,0.0,0.0,0.0,0.0,0.0,0.0,0.0,0.0,0.0,0.0,0.0,0.0,0.0,0.0,0.0,0.0,0.0,0.0,0.0,0.0,0.0,0.0,0.0,0.0,0.0,0.0,0.0,0.0,0.0,0.0,0.0
0.0,0.0,0.0,0.0,0.0,0.0,0.0,0.0,0.0,0.0,0.0,0.0,0.0,0.0,0.0,0.0,0.0,0.0,0.0,0.0,0.0,0.0,0.0,0.0,0.0,0.0,0.0,0.0,0.0,0.0,0.0,0.0,0.0,0.0,0.0,0.0,0.0,0.0,0.0,0.0
0.0,0.0,0.0,0.0,0.0,0.0,0.0,0.0,0.0,0.0,0.0,0.0,0.0,0.0,0.0,0.0,0.0,0.0,0.0,0.0,0.0,0.0,0.0,0.0,0.0,0.0,0.0,0.0,0.0,0.0,0.0,0.0,0.0,0.0,0.0,0.0,0.0,0.0,0.0,0.0
0.0,0.0,0.0,0.0,0.0,0.0,0.0,0.0,0.0,0.0,0.0,0.0,0.0,0.0,0.0,0.0,0.0,0.0,0.0,0.0,0.0,0.0,0.0,0.0,0.0,0.0,0.0,0.0,0.0,0.0,0.0,0.0,0.0,0.0,0.0,0.0,0.0,0.0,0.0,0.0
0.0,0.0,0.0,0.0,0.0,0.0,0.0,0.0,0.0,0.0,0.0,0.0,0.0,0.0,0.0,0.0,0.0,0.0,0.0,0.0,0.0,0.0,0.0,0.0,0.0,0.0,0.0,0.0,0.0,0.0,0.0,0.0,0.0,0.0,0.0,0.0,0.0,0.0,0.0,0.0
0.0,0.0,0.0,0.0,0.0,0.0,0.0,0.0,0.0,0.0,0.0,0.0,0.0,0.0,0.0,0.0,0.0,0.0,0.0,0.0,0.0,0.0,0.0,0.0,0.0,0.0,0.0,0.0,0.0,0.0,0.0,0.0,0.0,0.0,0.0,0.0,0.0,0.0,0.0,0.0
0.0,0.0,0.0,0.0,0.0,0.0,0.0,0.0,0.0,0.0,0.0,0.0,0.0,0.0,0.0,0.0,0.0,0.0,0.0,0.0,0.0,0.0,0.0,0.0,0.0,0.0,0.0,0.0,0.0,0.0,0.0,0.0,0.0,0.0,0.0,0.0,0.0,0.0,0.0,0.0
0.0,0.0,0.0,0.0,0.0,0.0,0.0,0.0,0.0,0.0,0.0,0.0,0.0,0.0,0.0,0.0,0.0,0.0,0.0,0.0,0.0,0.0,0.0,0.0,0.0,0.0,0.0,0.0,0.0,0.0,0.0,0.0,0.0,0.0,0.0,0.0,0.0,0.0,0.0,0.0
0.0,0.0,0.0,0.0,0.0,0.0,0.0,0.0,0.0,0.0,0.0,0.0,0.0,0.0,0.0,0.0,0.0,0.0,0.0,0.0,0.0,0.0,0.0,0.0,0.0,0.0,0.0,0.0,0.0,0.0,0.0,0.0,0.0,0.0,0.0,0.0,0.0,0.0,0.0,0.0
0.0,0.0,0.0,0.0,0.0,0.0,0.0,0.0,0.0,0.0,0.0,0.0,0.0,0.0,0.0,0.0,0.0,0.0,0.0,0.0,0.0,0.0,0.0,0.0,0.0,0.0,0.0,0.0,0.0,0.0,0.0,0.0,0.0,0.0,0.0,0.0,0.0,0.0,0.0,0.0
0.0,0.0,0.0,0.0,0.0,0.0,0.0,0.0,0.0,0.0,0.0,0.0,0.0,0.0,0.0,0.0,0.0,0.0,0.0,0.0,0.0,0.0,0.0,0.0,0.0,0.0,0.0,0.0,0.0,0.0,0.0,0.0,0.0,0.0,0.0,0.0,0.0,0.0,0.0,0.0
0.0,0.0,0.0,0.0,0.0,0.0,0.0,0.0,0.0,0.0,0.0,0.0,0.0,0.0,0.0,0.0,0.0,0.0,0.0,0.0,0.0,0.0,0.0,0.0,0.0,0.0,0.0,0.0,0.0,0.0,0.0,0.0,0.0,0.0,0.0,0.0,0.0,0.0,0.0,0.0
0.0,0.0,0.0,0.0,0.0,0.0,0.0,0.0,0.0,0.0,0.0,0.0,0.0,0.0,0.0,0.0,0.0,0.0,0.0,0.0,0.0,0.0,0.0,0.0,0.0,0.0,0.0,0.0,0.0,0.0,0.0,0.0,0.0,0.0,0.0,0.0,0.0,0.0,0.0,0.0
0.0,0.0,0.0,0.0,0.0,0.0,0.0,0.0,0.0,0.0,0.0,0.0,0.0,0.0,0.0,0.0,0.0,0.0,0.0,0.0,0.0,0.0,0.0,0.0,0.0,0.0,0.0,0.0,0.0,0.0,0.0,0.0,0.0,0.0,0.0,0.0,0.0,0.0,0.0,0.0
0.0,0.0,0.0,0.0,0.0,0.0,0.0,0.0,0.0,0.0,0.0,0.0,0.0,0.0,0.0,0.0,0.0,0.0,0.0,0.0,0.0,0.0,0.0,0.0,0.0,0.0,0.0,0.0,0.0,0.0,0.0,0.0,0.0,0.0,0.0,0.0,0.0,0.0,0.0,0.0
0.0,0.0,0.0,0.0,0.0,0.0,0.0,0.0,0.0,0.0,0.0,0.0,0.0,0.0,0.0,0.0,0.0,0.0,0.0,0.0,0.0,0.0,0.0,0.0,0.0,0.0,0.0,0.0,0.0,0.0,0.0,0.0,0.0,0.0,0.0,0.0,0.0,0.0,0.0,0.0
0.0,0.0,0.0,0.0,0.0,0.0,0.0,0.0,0.0,0.0,0.0,0.0,0.0,0.0,0.0,0.0,0.0,0.0,0.0,0.0,0.0,0.0,0.0,0.0,0.0,0.0,0.0,0.0,0.0,0.0,0.0,0.0,0.0,0.0,0.0,0.0,0.0,0.0,0.0,0.0
0.0,0.0,0.0,0.0,0.0,0.0,0.0,0.0,0.0,0.0,0.0,0.0,0.0,0.0,0.0,0.0,0.0,0.0,0.0,0.0,0.0,0.0,0.0,0.0,0.0,0.0,0.0,0.0,0.0,0.0,0.0,0.0,0.0,0.0,0.0,0.0,0.0,0.0,0.0,0.0
0.0,0.0,0.0,0.0,0.0,0.0,0.0,0.0,0.0,0.0,0.0,0.0,0.0,0.0,0.0,0.0,0.0,0.0,0.0,0.0,0.0,0.0,0.0,0.0,0.0,0.0,0.0,0.0,0.0,0.0,0.0,0.0,0.0,0.0,0.0,0.0,0.0,0.0,0.0,0.0
0.0,0.0,0.0,0.0,0.0,0.0,0.0,0.0,0.0,0.0,0.0,0.0,0.0,0.0,0.0,0.0,0.0,0.0,0.0,0.0,0.0,0.0,0.0,0.0,0.0,0.0,0.0,0.0,0.0,0.0,0.0,0.0,0.0,0.0,0.0,0.0,0.0,0.0,0.0,0.0
0.0,0.0,0.0,0.0,0.0,0.0,0.0,0.0,0.0,0.0,0.0,0.0,0.0,0.0,0.0,0.0,0.0,0.0,0.0,0.0,0.0,0.0,0.0,0.0,0.0,0.0,0.0,0.0,0.0,0.0,0.0,0.0,0.0,0.0,0.0,0.0,0.0,0.0,0.0,0.0
0.0,0.0,0.0,0.0,0.0,0.0,0.0,0.0,0.0,0.0,0.0,0.0,0.0,0.0,0.0,0.0,0.0,0.0,0.0,0.0,0.0,0.0,0.0,0.0,0.0,0.0,0.0,0.0,0.0,0.0,0.0,0.0,0.0,0.0,0.0,0.0,0.0,0.0,0.0,0.0
0.0,0.0,0.0,0.0,0.0,0.0,0.0,0.0,0.0,0.0,0.0,0.0,0.0,0.0,0.0,0.0,0.0,0.0,0.0,0.0,0.0,0.0,0.0,0.0,0.0,0.0,0.0,0.0,0.0,0.0,0.0,0.0,0.0,0.0,0.0,0.0,0.0,0.0,0.0,0.0
0.0,0.0,0.0,0.0,0.0,0.0,0.0,0.0,0.0,0.0,0.0,0.0,0.0,0.0,0.0,0.0,0.0,0.0,0.0,0.0,0.0,0.0,0.0,0.0,0.0,0.0,0.0,0.0,0.0,0.0,0.0,0.0,0.0,0.0,0.0,0.0,0.0,0.0,0.0,0.0
0.0,0.0,0.0,0.0,0.0,0.0,0.0,0.0,0.0,0.0,0.0,0.0,0.0,0.0,0.0,0.0,0.0,0.0,0.0,0.0,0.0,0.0,0.0,0.0,0.0,0.0,0.0,0.0,0.0,0.0,0.0,0.0,0.0,0.0,0.0,0.0,0.0,0.0,0.0,0.0
0.0,0.0,0.0,0.0,0.0,0.0,0.0,0.0,0.0,0.0,0.0,0.0,0.0,0.0,0.0,0.0,0.0,0.0,0.0,0.0,0.0,0.0,0.0,0.0,0.0,0.0,0.0,0.0,0.0,0.0,0.0,0.0,0.0,0.0,0.0,0.0,0.0,0.0,0.0,0.0
0.0,0.0,0.0,0.0,0.0,0.0,0.0,0.0,0.0,0.0,0.0,0.0,0.0,0.0,0.0,0.0,0.0,0.0,0.0,0.0,0.0,0.0,0.0,0.0,0.0,0.0,0.0,0.0,0.0,0.0,0.0,0.0,0.0,0.0,0.0,0.0,0.0,0.0,0.0,0.0
0.0,0.0,0.0,0.0,0.0,0.0,0.0,0.0,0.0,0.0,0.0,0.0,0.0,0.0,0.0,0.0,0.0,0.0,0.0,0.0,0.0,0.0,0.0,0.0,0.0,0.0,0.0,0.0,0.0,0.0,0.0,0.0,0.0,0.0,0.0,0.0,0.0,0.0,0.0,0.0
0.0,0.0,0.0,0.0,0.0,0.0,0.0,0.0,0.0,0.0,0.0,0.0,0.0,0.0,0.0,0.0,0.0,0.0,0.0,0.0,0.0,0.0,0.0,0.0,0.0,0.0,0.0,0.0,0.0,0.0,0.0,0.0,0.0,0.0,0.0,0.0,0.0,0.0,0.0,0.0
0.0,0.0,0.0,0.0,0.0,0.0,0.0,0.0,0.0,0.0,0.0,0.0,0.0,0.0,0.0,0.0,0.0,0.0,0.0,0.0,0.0,0.0,0.0,0.0,0.0,0.0,0.0,0.0,0.0,0.0,0.0,0.0,0.0,0.0,0.0,0.0,0.0,0.0,0.0,0.0
0.0,0.0,0.0,0.0,0.0,0.0,0.0,0.0,0.0,0.0,0.0,0.0,0.0,0.0,0.0,0.0,0.0,0.0,0.0,0.0,0.0,0.0,0.0,0.0,0.0,0.0,0.0,0.0,0.0,0.0,0.0,0.0,0.0,0.0,0.0,0.0,0.0,0.0,0.0,0.0
0.0,0.0,0.0,0.0,0.0,0.0,0.0,0.0,0.0,0.0,0.0,0.0,0.0,0.0,0.0,0.0,0.0,0.0,0.0,0.0,0.0,0.0,0.0,0.0,0.0,0.0,0.0,0.0,0.0,0.0,0.0,0.0,0.0,0.0,0.0,0.0,0.0,0.0,0.0,0.0
0.0,0.0,0.0,0.0,0.0,0.0,0.0,0.0,0.0,0.0,0.0,0.0,0.0,0.0,0.0,0.0,0.0,0.0,0.0,0.0,0.0,0.0,0.0,0.0,0.0,0.0,0.0,0.0,0.0,0.0,0.0,0.0,0.0,0.0,0.0,0.0,0.0,0.0,0.0,0.0
0.0,0.0,0.0,0.0,0.0,0.0,0.0,0.0,0.0,0.0,0.0,0.0,0.0,0.0,0.0,0.0,0.0,0.0,0.0,0.0,0.0,0.0,0.0,0.0,0.0,0.0,0.0,0.0,0.0,0.0,0.0,0.0,0.0,0.0,0.0,0.0,0.0,0.0,0.0,0.0
0.0,0.0,0.0,0.0,0.0,0.0,0.0,0.0,0.0,0.0,0.0,0.0,0.0,0.0,0.0,0.0,0.0,0.0,0.0,0.0,0.0,0.0,0.0,0.0,0.0,0.0,0.0,0.0,0.0,0.0,0.0,0.0,0.0,0.0,0.0,0.0,0.0,0.0,0.0,0.0
0.0,0.0,0.0,0.0,0.0,0.0,0.0,0.0,0.0,0.0,0.0,0.0,0.0,0.0,0.0,0.0,0.0,0.0,0.0,0.0,0.0,0.0,0.0,0.0,0.0,0.0,0.0,0.0,0.0,0.0,0.0,0.0,0.0,0.0,0.0,0.0,0.0,0.0,0.0,0.0
0.0,0.0,0.0,0.0,0.0,0.0,0.0,0.0,0.0,0.0,0.0,0.0,0.0,0.0,0.0,0.0,0.0,0.0,0.0,0.0,0.0,0.0,0.0,0.0,0.0,0.0,0.0,0.0,0.0,0.0,0.0,0.0,0.0,0.0,0.0,0.0,0.0,0.0,0.0,0.0
0.0,0.0,0.0,0.0,0.0,0.0,0.0,0.0,0.0,0.0,0.0,0.0,0.0,0.0,0.0,0.0,0.0,0.0,0.0,0.0,0.0,0.0,0.0,0.0,0.0,0.0,0.0,0.0,0.0,0.0,0.0,0.0,0.0,0.0,0.0,0.0,0.0,0.0,0.0,0.0
0.0,0.0,0.0,0.0,0.0,0.0,0.0,0.0,0.0,0.0,0.0,0.0,0.0,0.0,0.0,0.0,0.0,0.0,0.0,0.0,0.0,0.0,0.0,0.0,0.0,0.0,0.0,0.0,0.0,0.0,0.0,0.0,0.0,0.0,0.0,0.0,0.0,0.0,0.0,0.0
0.0,-0.004,0.0,-0.01,-0.001,-0.01,-0.014,-0.001,0.0,-0.008,-0.005,-0.004,-0.01,-0.009,0.0,-0.009,0.0,-0.01,-0.021,-0.002,-0.023,0.0,-0.005,-0.018,-0.03,-0.071,-0.045,-0.005,-0.02,0.0,-0.006,0.0,-0.008,-0.035,-0.078,-0.185,0.0,-0.004,0.0,-0.001
-0.351,-0.035,-0.115,-0.142,-0.184,-0.06,-0.08,-0.452,-0.485,-0.081,-0.072,-0.104,-0.061,-0.046,-0.013,-0.051,-0.015,-0.466,-0.063,-0.05,-0.532,0.0,-0.078,-0.22,-0.069,-0.325,-0.306,-0.068,-0.095,-0.034,-0.589,-0.015,-0.094,-0.212,-0.38,-0.765,-0.031,-0.18,-0.044,0.0
-1.43,-0.112,-0.883,-0.453,-1.382,-0.416,-0.219,-1.721,-1.671,-0.249,-0.279,-0.315,-0.154,-0.144,-0.26,-0.52,-0.282,-1.852,-0.106,-0.556,-1.544,-0.001,-0.241,-0.499,-0.263,-0.675,-0.685,-0.733,-0.221,-0.087,-1.207,-0.05,-0.339,-0.521,-0.775,-0.952,-0.152,-0.534,-0.252,-0.003
-2.184,-0.228,-1.474,-1.119,-2.072,-1.593,-0.722,-2.32,-2.272,-0.448,-0.533,-0.756,-0.282,-0.497,-0.488,-1.444,-0.561,-2.672,-0.181,-0.961,-2.203,-0.011,-0.741,-0.884,-1.043,-1.034,-1.044,-1.75,-0.353,-0.134,-1.819,-0.126,-0.57,-0.925,-1.232,-1.365,-0.336,-0.918,-0.573,-0.03
-2.59,-0.46,-2.689,-1.57,-2.844,-2.157,-1.219,-2.795,-2.744,-0.804,-0.92,-1.081,-0.435,-1.055,-0.731,-1.767,-0.809,-3.217,-0.751,-1.276,-2.577,-0.015,-1.059,-1.263,-1.644,-1.358,-1.364,-2.405,-0.477,-0.355,-2.364,-1.856,-0.83,-1.312,-1.566,-1.819,-0.571,-1.242,-1.035,-0.04
-2.885,-0.806,-3.018,-1.709,-3.096,-2.447,-1.723,-3.151,-3.115,-1.383,-1.383,-1.406,-0.648,-1.565,-0.959,-2.012,-1.06,-3.559,-2.026,-1.598,-2.854,-0.553,-1.352,-1.565,-1.947,-1.665,-1.676,-2.768,-0.599,-0.861,-2.776,-2.558,-1.099,-1.689,-1.881,-2.074,-0.853,-1.59,-1.469,-0.048
-3.071,-1.339,-3.252,-1.913,-3.343,-3.292,-2.084,-3.432,-3.423,-1.858,-1.85,-1.714,-0.905,-1.874,-1.166,-2.548,-1.299,-3.739,-2.427,-1.925,-3.261,-1.015,-1.575,-1.828,-2.218,-1.936,-1.958,-3.016,-1.543,-1.448,-3.126,-3.124,-1.399,-2.067,-2.168,-2.277,-1.099,-1.967,-1.837,-0.061
-3.204,-1.765,-3.422,-2.254,-3.492,-3.731,-2.407,-3.661,-3.659,-2.178,-2.177,-1.997,-1.135,-2.15,-1.727,-2.884,-1.534,-3.901,-2.702,-2.189,-3.605,-1.282,-1.824,-2.095,-2.463,-2.196,-2.217,-3.218,-2.957,-1.97,-3.474,-3.502,-1.716,-2.354,-2.427,-2.805,-1.431,-2.289,-2.147,-0.082
-3.301,-2.054,-3.517,-3.693,-3.663,-3.83,-2.69,-3.861,-3.834,-2.463,-2.459,-2.258,-1.325,-2.383,-2.231,-3.163,-1.759,-4.044,-2.941,-2.426,-3.718,-1.494,-2.068,-2.345,-2.685,-2.418,-2.442,-3.364,-3.125,-2.363,-3.628,-3.714,-2.002,-2.599,-2.672,-3.094,-1.718,-2.556,-2.396,-0.089
-3.678,-2.319,-3.309,-3.817,-3.125,-3.895,-2.938,-3.974,-3.968,-2.714,-2.706,-2.504,-1.5,-2.591,-2.493,-3.32,-1.953,-4.176,-3.152,-2.631,-3.738,-1.706,-2.304,-2.56,-2.906,-2.626,-2.651,-3.487,-3.278,-2.603,-3.712,-3.827,-2.26,-2.819,-2.89,-3.351,-1.935,-2.824,-2.591,-0.269
-3.754,-2.554,-3.165,-3.908,0.0,-3.924,-3.154,-4.079,-4.079,-2.922,-2.918,-2.724,-1.691,-2.786,-2.709,-3.443,-2.128,-4.249,-3.328,-2.829,-3.849,-1.868,-2.515,-2.763,-3.083,-2.805,-2.837,-3.6,-3.402,-2.818,-3.802,-3.917,-2.537,-2.999,-3.061,-3.492,-2.151,-3.085,-2.756,-3.236
-3.793,-2.763,-3.229,-4.005,0.0,-3.909,-3.339,-4.171,-4.187,-3.136,-3.135,-0.262,-1.869,-2.96,-2.882,-3.536,-2.296,-4.306,-3.501,-2.992,-3.873,-2.007,-2.684,-2.947,-3.245,-2.986,-3.011,-3.7,-3.538,-3.028,-3.874,-3.982,-2.8,-3.157,-3.21,-3.614,-2.389,-3.275,-2.933,-3.502
-3.796,-2.951,-2.894,-4.039,0.0,-3.829,-3.502,-4.243,-4.253,-3.319,-3.319,0.0,-2.014,-3.109,-3.02,-3.564,-2.441,-4.36,-3.672,-3.119,-3.917,-2.131,-2.818,-3.123,-3.384,-3.152,-3.18,-3.773,-3.65,-3.203,-3.946,-4.009,-2.996,-3.285,-3.345,-3.588,-2.646,-3.409,-3.1,-3.437
-3.729,-3.12,-2.913,-4.068,0.0,-3.727,-3.638,-4.288,-4.283,-3.458,-3.459,0.0,-2.131,-3.254,-3.164,-3.604,-2.562,-4.4,-3.781,-3.243,-3.988,-2.226,-2.956,-3.257,-3.487,-3.291,-3.326,-3.832,-3.742,-3.312,-3.986,-4.046,-3.166,-3.398,-3.461,-3.668,-2.914,-3.536,-3.22,-3.432
-3.783,-3.265,-3.632,-4.074,0.0,-3.724,-3.763,-4.302,-4.292,-3.597,-3.597,0.0,-2.244,-3.397,-3.273,-3.647,-2.685,-4.427,-3.9,-3.345,-3.961,-2.334,-3.082,-3.378,-3.586,-3.412,-3.437,-3.848,-3.786,-3.44,-4.011,-4.087,-3.29,-3.51,-3.569,-3.629,-3.071,-3.657,-3.314,-3.44
-3.857,-3.392,-3.962,-4.123,0.0,-3.611,-3.898,-4.332,-4.338,-3.714,-3.709,0.0,-2.363,-3.505,-3.373,-3.648,-2.773,-4.432,-3.982,-3.438,-3.978,-2.415,-3.184,-3.486,-3.669,-3.519,-3.552,-3.889,-3.825,-3.55,-4.038,-4.122,-3.388,-3.63,-3.711,-3.7,-3.195,-3.755,-3.405,-3.48
-3.886,-3.494,-4.008,-4.154,0.0,-3.573,-3.964,-4.345,-4.362,-3.804,-3.806,0.0,-2.449,-3.592,-3.457,-3.643,-2.86,-4.418,-4.059,-3.52,-4.023,-2.496,-3.268,-3.53,-3.722,-3.572,-3.602,-3.906,-3.873,-3.608,-4.024,-4.161,-3.485,-3.583,-3.656,-3.657,-3.311,-3.836,-3.478,-3.502
-3.926,-3.589,-4.0,-4.146,0.0,-3.52,-4.028,-4.349,-4.376,-3.878,-3.879,0.0,-2.525,-3.659,-3.508,-3.589,-2.924,-4.424,-4.102,-3.596,-4.059,-2.556,-3.333,-3.616,-3.758,-3.63,-3.669,-3.917,-3.88,-3.657,-4.012,-4.16,-3.571,-3.736,-3.811,-3.703,-3.395,-3.899,-3.516,-3.521
-3.912,-3.661,-3.975,-4.144,0.0,-3.44,-4.068,-4.324,-4.355,-3.929,-3.931,0.0,-2.587,-3.717,-3.547,-3.573,-2.973,-4.435,-4.132,-3.625,-4.05,-2.602,-3.371,-3.681,-3.777,-3.648,-3.691,-3.938,-3.9,-3.689,-4.03,-4.141,-3.646,-3.635,-3.42,-3.662,-3.47,-3.946,-3.541,-3.517
-3.914,-3.717,-3.92,-4.164,0.0,-3.315,-4.095,-4.3,-4.348,-3.981,-3.987,0.0,-2.634,-3.752,-3.603,-3.562,-3.004,-4.402,-4.157,-3.629,-4.057,-2.632,-3.416,-3.707,-3.783,-3.659,-3.699,-3.95,-3.919,-3.723,-4.028,-4.114,-3.668,-3.589,-3.332,-3.703,-3.539,-3.968,-3.56,-3.516
-3.901,-3.771,-3.925,-4.134,0.0,-3.185,-4.1,-4.313,-4.328,-4.006,-4.027,0.0,-2.673,-3.775,-3.632,-3.505,-3.043,-4.388,-4.183,-3.614,-4.092,-2.651,-3.432,-3.709,-3.772,-3.693,-3.731,-3.933,-3.92,-3.712,-4.028,-4.136,-3.692,-3.639,-3.589,-3.656,-3.566,-3.979,-3.584,-3.516
-3.882,-3.82,-3.94,-4.113,0.0,-3.025,-4.077,-4.301,-4.335,-4.017,-4.039,0.0,-2.695,-3.763,-3.618,-3.454,-3.034,-4.401,-4.163,-3.594,-4.067,-2.657,-3.395,-3.665,-3.753,-3.663,-3.702,-3.94,-3.847,-3.688,-4.015,-4.136,-3.694,-3.24,-3.19,-3.696,-3.594,-3.964,-3.583,-3.501
-3.877,-3.829,-3.933,-4.083,0.0,-2.853,-4.047,-4.288,-4.312,-4.015,-4.039,-0.588,-2.681,-3.737,-3.595,-3.336,-2.999,-4.375,-4.119,-3.551,-4.051,-2.657,-3.36,-3.641,-3.727,-3.64,-3.68,-3.937,-3.85,-3.68,-4.02,-4.122,-3.697,-3.562,-3.685,-3.667,-3.594,-3.915,-3.6,-3.501
-3.867,-3.82,-3.87,-4.144,-1.139,-2.692,-3.984,-4.229,-4.253,-3.979,-4.009,-3.499,-2.657,-3.701,-3.559,-3.225,-2.984,-4.359,-4.045,-3.504,-4.067,-2.625,-3.354,-3.596,-3.679,-3.607,-3.629,-3.933,-3.905,-3.657,-3.982,-4.094,-3.632,-3.811,-3.746,-3.684,-3.584,-3.898,-3.575,-3.519
-3.851,-3.799,-3.046,-4.146,-3.369,-2.511,-3.93,-4.212,-4.236,-3.925,-3.951,-3.419,-2.613,-3.644,-3.41,-3.142,-2.925,-4.322,-3.974,-3.449,-3.997,-2.565,-3.284,-3.534,-3.588,-3.55,-3.57,-3.909,-3.873,-3.625,-3.946,-4.078,-3.56,-3.602,-3.456,-3.663,-3.553,-3.885,-3.509,-3.53
-3.818,-3.749,-2.932,-4.074,-3.217,-2.363,-3.862,-4.159,-4.187,-3.834,-3.852,-3.324,-2.553,-3.578,-3.278,-3.021,-2.847,-4.289,-3.869,-3.391,-4.02,-2.499,-3.199,-3.439,-3.497,-3.474,-3.495,-3.89,-3.835,-3.599,-3.936,-4.058,-3.478,-3.094,-2.706,-3.696,-3.503,-3.811,-3.408,-3.499
-3.756,-3.684,-2.956,-4.016,-3.072,-2.256,-3.738,-4.092,-4.124,-3.749,-3.76,-3.232,-2.471,-3.476,-3.177,-2.882,-2.771,-4.241,-3.759,-3.306,-4.019,-2.431,-3.119,-3.349,-3.353,-3.391,-3.416,-3.861,-3.763,-3.539,-3.888,-4.019,-3.381,-3.385,-3.41,-3.627,-3.43,-3.705,-3.306,-3.47
-3.68,-3.612,-3.22,-4.005,-2.905,-2.212,-3.586,-4.051,-4.084,-3.606,-3.62,-3.105,-2.37,-3.365,-3.052,-2.767,-2.68,-4.208,-3.608,-3.203,-4.063,-2.347,-3.006,-3.231,-3.227,-3.281,-3.306,-3.827,-3.714,-3.44,-3.85,-4.032,-3.268,-3.237,-3.291,-3.641,-3.314,-3.626,-3.191,-3.461
-3.63,-3.497,-3.135,-3.973,-2.766,-2.182,-3.475,-4.009,-4.038,-3.436,-3.455,-2.966,-2.252,-3.238,-2.887,-2.609,-2.553,-4.23,-3.448,-3.113,-4.053,-2.248,-2.876,-3.105,-3.072,-3.141,-3.155,-3.767,-3.634,-3.309,-3.818,-3.975,-3.135,-3.086,-3.14,-3.601,-3.191,-3.523,-3.047,-3.446
-3.577,-3.374,-3.531,-3.903,-2.597,-2.158,-3.313,-3.902,-3.949,-3.26,-3.285,-2.792,-2.126,-3.081,-2.697,-2.444,-2.427,-4.204,-3.272,-3.014,-3.978,-2.112,-2.725,-2.963,-2.908,-2.986,-2.996,-3.676,-3.491,-3.203,-3.753,-3.926,-2.988,-2.407,-2.505,-3.584,-3.088,-3.358,-2.883,-3.389
-3.487,-3.235,-3.602,-3.808,-2.39,-2.128,-3.118,-3.835,-3.886,-3.045,-3.068,-2.62,-1.986,-2.908,-2.524,-2.263,-2.285,-4.178,-3.062,-2.9,-3.935,-1.952,-2.568,-2.751,-2.707,-2.81,-2.822,-3.56,-3.211,-3.068,-3.672,-3.853,-2.787,-2.533,-2.476,-3.541,-2.952,-3.191,-2.668,-3.336
-3.402,-3.055,-3.537,-3.643,-2.22,-2.083,-2.915,-3.722,-3.743,-2.798,-2.818,-2.437,-1.832,-2.717,-2.384,-2.09,-2.112,-4.141,-2.812,-2.739,-3.846,-1.792,-2.415,-2.52,-2.511,-2.634,-2.647,-3.41,-2.899,-2.909,-3.566,-3.741,-2.596,-2.498,-2.539,-3.355,-2.776,-2.994,-2.415,-3.28
-3.214,-2.822,-3.392,-2.811,-1.996,-2.022,-2.727,-3.577,-3.594,-2.563,-2.585,-2.227,-1.664,-2.513,-2.132,-1.903,-1.934,-4.045,-2.539,-2.551,-3.717,-1.617,-2.208,-2.287,-2.285,-2.43,-2.434,-3.264,-2.502,-2.425,-3.414,-3.617,-2.264,-2.261,-2.312,-3.019,-2.581,-2.762,-2.197,-3.191
-2.876,-2.612,-3.254,-2.383,-1.821,-1.953,-2.499,-3.428,-3.454,-2.307,-2.323,-1.976,-1.486,-2.285,-1.867,-1.742,-1.735,-3.916,-2.246,-2.333,-3.612,-1.419,-1.975,-2.035,-2.022,-2.194,-2.203,-3.125,-2.067,-1.977,-3.243,-3.473,-1.93,-2.006,-2.061,-2.626,-2.375,-2.495,-1.947,-3.107
-2.841,-2.375,-3.066,-1.965,-1.63,-1.879,-2.227,-3.244,-3.269,-2.003,-2.019,-1.713,-1.09,-2.029,-1.616,-1.604,-1.519,-3.797,-1.891,-2.042,-3.432,-1.211,-1.72,-1.801,-1.747,-1.947,-1.953,-2.961,-1.596,-1.704,-3.074,-3.267,-1.633,-1.688,-1.64,-2.073,-2.139,-2.218,-1.618,-3.007
-2.639,-2.109,-2.066,-1.561,-1.507,-1.693,-1.901,-3.016,-3.032,-1.672,-1.684,-1.448,-0.51,-1.754,-1.388,-0.672,-1.298,-3.623,-1.491,-1.679,-3.209,-0.984,-1.45,-1.549,-1.454,-1.67,-1.67,-2.68,-1.107,-1.291,-2.821,-3.002,-1.345,-1.096,-1.228,-1.317,-1.865,-1.693,-1.272,-2.861
-2.195,-1.765,-2.521,-1.484,-1.346,-1.496,-1.559,-2.73,-2.724,-1.343,-1.353,-1.153,-0.173,-1.437,-1.068,-0.138,-1.059,-3.392,-1.011,-1.241,-2.956,-0.73,-1.158,-1.275,-1.159,-1.372,-1.367,-2.341,-0.658,-0.871,-2.494,-2.718,-0.981,-1.088,-1.103,-1.103,-1.577,-0.674,-0.925,-2.691
-1.711,-0.678,-1.523,-0.844,-0.991,-1.217,-1.132,-2.329,-2.264,-0.822,-0.885,-0.701,-0.12,-1.098,-0.77,-0.123,-0.813,-3.076,-0.62,-0.913,-2.641,-0.509,-0.851,-0.95,-0.866,-1.055,-1.047,-1.926,-0.806,-0.511,-1.863,-2.367,-0.574,-0.679,-0.724,-1.073,-1.231,-0.131,-0.393,-2.485
-1.397,-0.093,-0.962,-0.092,-0.502,-0.885,-0.236,-1.786,-1.067,-0.494,-0.495,-0.222,-0.096,-0.746,-0.512,-0.106,-0.571,-2.591,-0.326,-0.619,-2.259,-0.264,-0.533,-0.623,-0.524,-0.723,-0.712,-1.425,-0.56,-0.256,-0.124,-1.801,-0.262,-0.386,-0.423,-0.765,-0.908,-0.113,-0.201,-2.185
-0.875,-0.05,-0.254,-0.06,-0.072,-0.505,-0.098,-0.79,-0.164,-0.202,-0.164,-0.084,-0.066,-0.411,-0.286,-0.081,-0.255,-1.804,-0.133,-0.323,-1.505,-0.075,-0.311,-0.313,-0.153,-0.292,-0.285,-0.442,-0.21,-0.059,-0.05,-0.865,-0.103,-0.126,-0.128,-0.064,-0.505,-0.087,-0.161,-0.827
-0.157,-0.017,0.0,-0.015,0.0,-0.122,-0.044,-0.042,-0.021,-0.037,-0.025,-0.032,-0.03,-0.117,-0.109,-0.047,-0.05,-0.632,-0.04,-0.08,-0.083,-0.009,-0.113,-0.03,-0.046,-0.045,-0.036,-0.02,-0.051,-0.022,-0.01,-0.011,-0.034,-0.004,-0.012,-0.019,-0.157,-0.056,-0.063,-0.047
0.0,0.0,0.0,0.0,0.0,0.0,-0.004,-0.003,0.0,-0.001,0.0,0.0,-0.002,-0.001,-0.013,-0.012,-0.006,-0.008,-0.004,-0.01,-0.035,-0.001,-0.001,-0.006,-0.002,-0.003,-0.002,0.0,-0.015,0.0,0.0,-0.001,-0.001,0.0,0.0,0.0,-0.013,-0.015,-0.013,-0.007
0.0,0.0,0.0,0.0,0.0,0.0,0.0,0.0,0.0,0.0,0.0,0.0,0.0,0.0,0.0,0.0,0.0,0.0,0.0,0.0,-0.002,0.0,0.0,0.0,0.0,0.0,0.0,0.0,0.0,0.0,0.0,0.0,0.0,0.0,0.0,0.0,0.0,0.0,0.0,0.0
0.0,0.0,0.0,0.0,0.0,0.0,0.0,0.0,0.0,0.0,0.0,0.0,0.0,0.0,0.0,0.0,0.0,0.0,0.0,0.0,0.0,0.0,0.0,0.0,0.0,0.0,0.0,0.0,0.0,0.0,0.0,0.0,0.0,0.0,0.0,0.0,0.0,0.0,0.0,0.0
0.0,0.0,0.0,0.0,0.0,0.0,0.0,0.0,0.0,0.0,0.0,0.0,0.0,0.0,0.0,0.0,0.0,0.0,0.0,0.0,0.0,0.0,0.0,0.0,0.0,0.0,0.0,0.0,0.0,0.0,0.0,0.0,0.0,0.0,0.0,0.0,0.0,0.0,0.0,0.0
0.0,0.0,0.0,0.0,0.0,0.0,0.0,0.0,0.0,0.0,0.0,0.0,0.0,0.0,0.0,0.0,0.0,0.0,0.0,0.0,0.0,0.0,0.0,0.0,0.0,0.0,0.0,0.0,0.0,0.0,0.0,0.0,0.0,0.0,0.0,0.0,0.0,0.0,0.0,0.0
0.0,0.0,0.0,0.0,0.0,0.0,0.0,0.0,0.0,0.0,0.0,0.0,0.0,0.0,0.0,0.0,0.0,0.0,0.0,0.0,0.0,0.0,0.0,0.0,0.0,0.0,0.0,0.0,0.0,0.0,0.0,0.0,0.0,0.0,0.0,0.0,0.0,0.0,0.0,0.0
0.0,0.0,0.0,0.0,0.0,0.0,0.0,0.0,0.0,0.0,0.0,0.0,0.0,0.0,0.0,0.0,0.0,0.0,0.0,0.0,0.0,0.0,0.0,0.0,0.0,0.0,0.0,0.0,0.0,0.0,0.0,0.0,0.0,0.0,0.0,0.0,0.0,0.0,0.0,0.0
0.0,0.0,0.0,0.0,0.0,0.0,0.0,0.0,0.0,0.0,0.0,0.0,0.0,0.0,0.0,0.0,0.0,0.0,0.0,0.0,0.0,0.0,0.0,0.0,0.0,0.0,0.0,0.0,0.0,0.0,0.0,0.0,0.0,0.0,0.0,0.0,0.0,0.0,0.0,0.0
0.0,0.0,0.0,0.0,0.0,0.0,0.0,0.0,0.0,0.0,0.0,0.0,0.0,0.0,0.0,0.0,0.0,0.0,0.0,0.0,0.0,0.0,0.0,0.0,0.0,0.0,0.0,0.0,0.0,0.0,0.0,0.0,0.0,0.0,0.0,0.0,0.0,0.0,0.0,0.0
0.0,0.0,0.0,0.0,0.0,0.0,0.0,0.0,0.0,0.0,0.0,0.0,0.0,0.0,0.0,0.0,0.0,0.0,0.0,0.0,0.0,0.0,0.0,0.0,0.0,0.0,0.0,0.0,0.0,0.0,0.0,0.0,0.0,0.0,0.0,0.0,0.0,0.0,0.0,0.0
0.0,0.0,0.0,0.0,0.0,0.0,0.0,0.0,0.0,0.0,0.0,0.0,0.0,0.0,0.0,0.0,0.0,0.0,0.0,0.0,0.0,0.0,0.0,0.0,0.0,0.0,0.0,0.0,0.0,0.0,0.0,0.0,0.0,0.0,0.0,0.0,0.0,0.0,0.0,0.0
0.0,0.0,0.0,0.0,0.0,0.0,0.0,0.0,0.0,0.0,0.0,0.0,0.0,0.0,0.0,0.0,0.0,0.0,0.0,0.0,0.0,0.0,0.0,0.0,0.0,0.0,0.0,0.0,0.0,0.0,0.0,0.0,0.0,0.0,0.0,0.0,0.0,0.0,0.0,0.0
0.0,0.0,0.0,0.0,0.0,0.0,0.0,0.0,0.0,0.0,0.0,0.0,0.0,0.0,0.0,0.0,0.0,0.0,0.0,0.0,0.0,0.0,0.0,0.0,0.0,0.0,0.0,0.0,0.0,0.0,0.0,0.0,0.0,0.0,0.0,0.0,0.0,0.0,0.0,0.0
0.0,0.0,0.0,0.0,0.0,0.0,0.0,0.0,0.0,0.0,0.0,0.0,0.0,0.0,0.0,0.0,0.0,0.0,0.0,0.0,0.0,0.0,0.0,0.0,0.0,0.0,0.0,0.0,0.0,0.0,0.0,0.0,0.0,0.0,0.0,0.0,0.0,0.0,0.0,0.0
0.0,0.0,0.0,0.0,0.0,0.0,0.0,0.0,0.0,0.0,0.0,0.0,0.0,0.0,0.0,0.0,0.0,0.0,0.0,0.0,0.0,0.0,0.0,0.0,0.0,0.0,0.0,0.0,0.0,0.0,0.0,0.0,0.0,0.0,0.0,0.0,0.0,0.0,0.0,0.0
0.0,0.0,0.0,0.0,0.0,0.0,0.0,0.0,0.0,0.0,0.0,0.0,0.0,0.0,0.0,0.0,0.0,0.0,0.0,0.0,0.0,0.0,0.0,0.0,0.0,0.0,0.0,0.0,0.0,0.0,0.0,0.0,0.0,0.0,0.0,0.0,0.0,0.0,0.0,0.0
0.0,0.0,0.0,0.0,0.0,0.0,0.0,0.0,0.0,0.0,0.0,0.0,0.0,0.0,0.0,0.0,0.0,0.0,0.0,0.0,0.0,0.0,0.0,0.0,0.0,0.0,0.0,0.0,0.0,0.0,0.0,0.0,0.0,0.0,0.0,0.0,0.0,0.0,0.0,0.0
0.0,0.0,0.0,0.0,0.0,0.0,0.0,0.0,0.0,0.0,0.0,0.0,0.0,0.0,0.0,0.0,0.0,0.0,0.0,0.0,0.0,0.0,0.0,0.0,0.0,0.0,0.0,0.0,0.0,0.0,0.0,0.0,0.0,0.0,0.0,0.0,0.0,0.0,0.0,0.0
0.0,0.0,0.0,0.0,0.0,0.0,0.0,0.0,0.0,0.0,0.0,0.0,0.0,0.0,0.0,0.0,0.0,0.0,0.0,0.0,0.0,0.0,0.0,0.0,0.0,0.0,0.0,0.0,0.0,0.0,0.0,0.0,0.0,0.0,0.0,0.0,0.0,0.0,0.0,0.0
0.0,0.0,0.0,0.0,0.0,0.0,0.0,0.0,0.0,0.0,0.0,0.0,0.0,0.0,0.0,0.0,0.0,0.0,0.0,0.0,0.0,0.0,0.0,0.0,0.0,0.0,0.0,0.0,0.0,0.0,0.0,0.0,0.0,0.0,0.0,0.0,0.0,0.0,0.0,0.0
0.0,0.0,0.0,0.0,0.0,0.0,0.0,0.0,0.0,0.0,0.0,0.0,0.0,0.0,0.0,0.0,0.0,0.0,0.0,0.0,0.0,0.0,0.0,0.0,0.0,0.0,0.0,0.0,0.0,0.0,0.0,0.0,0.0,0.0,0.0,0.0,0.0,0.0,0.0,0.0
0.0,0.0,0.0,0.0,0.0,0.0,0.0,0.0,0.0,0.0,0.0,0.0,0.0,0.0,0.0,0.0,0.0,0.0,0.0,0.0,0.0,0.0,0.0,0.0,0.0,0.0,0.0,0.0,0.0,0.0,0.0,0.0,0.0,0.0,0.0,0.0,0.0,0.0,0.0,0.0
0.0,0.0,0.0,0.0,0.0,0.0,0.0,0.0,0.0,0.0,0.0,0.0,0.0,0.0,0.0,0.0,0.0,0.0,0.0,0.0,0.0,0.0,0.0,0.0,0.0,0.0,0.0,0.0,0.0,0.0,0.0,0.0,0.0,0.0,0.0,0.0,0.0,0.0,0.0,0.0
0.0,0.0,0.0,0.0,0.0,0.0,0.0,0.0,0.0,0.0,0.0,0.0,0.0,0.0,0.0,0.0,0.0,0.0,0.0,0.0,0.0,0.0,0.0,0.0,0.0,0.0,0.0,0.0,0.0,0.0,0.0,0.0,0.0,0.0,0.0,0.0,0.0,0.0,0.0,0.0
0.0,0.0,0.0,0.0,0.0,0.0,0.0,0.0,0.0,0.0,0.0,0.0,0.0,0.0,0.0,0.0,0.0,0.0,0.0,0.0,0.0,0.0,0.0,0.0,0.0,0.0,0.0,0.0,0.0,0.0,0.0,0.0,0.0,0.0,0.0,0.0,0.0,0.0,0.0,0.0
0.0,0.0,0.0,0.0,0.0,0.0,0.0,0.0,0.0,0.0,0.0,0.0,0.0,0.0,0.0,0.0,0.0,0.0,0.0,0.0,0.0,0.0,0.0,0.0,0.0,0.0,0.0,0.0,0.0,0.0,0.0,0.0,0.0,0.0,0.0,0.0,0.0,0.0,0.0,0.0
0.0,0.0,0.0,0.0,0.0,0.0,0.0,0.0,0.0,0.0,0.0,0.0,0.0,0.0,0.0,0.0,0.0,0.0,0.0,0.0,0.0,0.0,0.0,0.0,0.0,0.0,0.0,0.0,0.0,0.0,0.0,0.0,0.0,0.0,0.0,0.0,0.0,0.0,0.0,0.0
0.0,0.0,0.0,0.0,0.0,0.0,0.0,0.0,0.0,0.0,0.0,0.0,0.0,0.0,0.0,0.0,0.0,0.0,0.0,0.0,0.0,0.0,0.0,0.0,0.0,0.0,0.0,0.0,0.0,0.0,0.0,0.0,0.0,0.0,0.0,0.0,0.0,0.0,0.0,0.0
0.0,0.0,0.0,0.0,0.0,0.0,0.0,0.0,0.0,0.0,0.0,0.0,0.0,0.0,0.0,0.0,0.0,0.0,0.0,0.0,0.0,0.0,0.0,0.0,0.0,0.0,0.0,0.0,0.0,0.0,0.0,0.0,0.0,0.0,0.0,0.0,0.0,-0.001,0.0,0.0
0.0,0.0,0.0,0.0,0.0,0.0,0.0,0.0,0.0,0.0,0.0,0.0,0.0,0.0,0.0,0.0,0.0,0.0,0.0,0.0,0.0,0.0,0.0,0.0,0.0,0.0,0.0,0.0,0.0,0.0,0.0,0.0,0.0,0.0,0.0,0.0,0.0,0.0,0.0,0.0
0.0,0.0,0.0,0.0,0.0,0.0,0.0,0.0,0.0,0.0,0.0,0.0,0.0,0.0,0.0,0.0,0.0,0.0,0.0,0.0,0.0,0.0,0.0,0.0,0.0,0.0,0.0,0.0,0.0,0.0,0.0,0.0,0.0,0.0,0.0,0.0,0.0,0.0,0.0,0.0
0.0,0.0,0.0,0.0,0.0,0.0,0.0,0.0,0.0,0.0,0.0,0.0,0.0,0.0,0.0,0.0,0.0,0.0,0.0,0.0,0.0,0.0,0.0,0.0,0.0,0.0,0.0,0.0,0.0,0.0,0.0,0.0,0.0,0.0,0.0,0.0,0.0,0.0,0.0,0.0
0.0,0.0,0.0,0.0,0.0,0.0,0.0,0.0,0.0,0.0,0.0,0.0,0.0,0.0,0.0,0.0,0.0,0.0,0.0,0.0,0.0,0.0,0.0,0.0,0.0,0.0,0.0,0.0,0.0,0.0,0.0,0.0,0.0,0.0,0.0,0.0,0.0,0.0,0.0,0.0
0.0,0.0,0.0,0.0,0.0,0.0,0.0,0.0,0.0,0.0,0.0,0.0,0.0,0.0,0.0,0.0,0.0,0.0,0.0,0.0,0.0,0.0,0.0,0.0,0.0,0.0,0.0,0.0,0.0,0.0,0.0,0.0,0.0,0.0,0.0,0.0,0.0,0.0,0.0,0.0
0.0,0.0,0.0,0.0,0.0,0.0,0.0,0.0,0.0,0.0,0.0,0.0,0.0,0.0,0.0,0.0,0.0,0.0,0.0,0.0,0.0,0.0,0.0,0.0,0.0,0.0,0.0,0.0,0.0,0.0,0.0,0.0,0.0,0.0,0.0,0.0,0.0,0.0,0.0,0.0
0.0,0.0,0.0,0.0,0.0,0.0,0.0,0.0,0.0,0.0,0.0,0.0,0.0,0.0,0.0,0.0,0.0,0.0,0.0,0.0,0.0,0.0,0.0,0.0,0.0,0.0,0.0,0.0,0.0,0.0,0.0,0.0,0.0,0.0,0.0,0.0,0.0,0.0,0.0,0.0
0.0,0.0,0.0,0.0,0.0,0.0,0.0,0.0,0.0,0.0,0.0,0.0,0.0,0.0,0.0,0.0,0.0,0.0,0.0,0.0,0.0,0.0,0.0,0.0,0.0,0.0,0.0,0.0,0.0,0.0,0.0,0.0,0.0,0.0,0.0,0.0,0.0,0.0,0.0,0.0
0.0,0.0,0.0,0.0,0.0,0.0,0.0,0.0,0.0,0.0,0.0,0.0,0.0,0.0,0.0,0.0,0.0,0.0,0.0,0.0,0.0,0.0,0.0,0.0,0.0,0.0,0.0,0.0,0.0,0.0,0.0,0.0,0.0,0.0,0.0,0.0,0.0,0.0,0.0,0.0
0.0,0.0,0.0,0.0,0.0,0.0,0.0,0.0,0.0,0.0,0.0,0.0,0.0,0.0,0.0,0.0,0.0,0.0,0.0,0.0,0.0,0.0,0.0,0.0,0.0,0.0,0.0,0.0,0.0,0.0,0.0,0.0,0.0,0.0,0.0,0.0,0.0,0.0,0.0,0.0
0.0,0.0,0.0,0.0,0.0,0.0,0.0,0.0,0.0,0.0,0.0,0.0,0.0,0.0,0.0,0.0,0.0,0.0,0.0,0.0,0.0,0.0,0.0,0.0,0.0,0.0,0.0,0.0,0.0,0.0,0.0,0.0,0.0,0.0,0.0,0.0,0.0,0.0,0.0,0.0
0.0,0.0,0.0,0.0,0.0,0.0,0.0,0.0,0.0,0.0,0.0,0.0,0.0,0.0,0.0,0.0,0.0,0.0,0.0,0.0,0.0,0.0,0.0,0.0,0.0,0.0,0.0,0.0,0.0,0.0,0.0,0.0,0.0,0.0,0.0,0.0,0.0,0.0,0.0,0.0
0.0,0.0,0.0,0.0,0.0,0.0,0.0,0.0,0.0,0.0,0.0,0.0,0.0,0.0,0.0,0.0,0.0,0.0,0.0,0.0,0.0,0.0,0.0,0.0,0.0,0.0,0.0,0.0,0.0,0.0,0.0,0.0,0.0,0.0,0.0,0.0,0.0,0.0,0.0,0.0
0.0,0.0,0.0,0.0,0.0,0.0,0.0,0.0,0.0,0.0,0.0,0.0,0.0,0.0,0.0,0.0,0.0,0.0,0.0,0.0,0.0,0.0,0.0,0.0,0.0,0.0,0.0,0.0,0.0,0.0,0.0,0.0,0.0,0.0,0.0,0.0,0.0,0.0,0.0,0.0
0.0,0.0,0.0,0.0,0.0,0.0,0.0,0.0,0.0,0.0,0.0,0.0,0.0,0.0,0.0,0.0,0.0,0.0,0.0,0.0,0.0,0.0,0.0,0.0,0.0,0.0,0.0,0.0,0.0,0.0,0.0,0.0,0.0,0.0,0.0,0.0,0.0,0.0,0.0,0.0
0.0,0.0,0.0,0.0,0.0,0.0,0.0,0.0,0.0,0.0,0.0,0.0,0.0,0.0,0.0,0.0,0.0,0.0,0.0,0.0,0.0,0.0,0.0,0.0,0.0,0.0,0.0,0.0,0.0,0.0,0.0,0.0,0.0,0.0,0.0,0.0,0.0,0.0,0.0,0.0
0.0,0.0,0.0,0.0,0.0,0.0,0.0,0.0,0.0,0.0,0.0,0.0,0.0,0.0,0.0,0.0,0.0,0.0,0.0,0.0,0.0,0.0,0.0,0.0,0.0,0.0,0.0,0.0,0.0,0.0,0.0,0.0,0.0,0.0,0.0,0.0,0.0,0.0,0.0,0.0
0.0,0.0,0.0,0.0,0.0,0.0,0.0,0.0,0.0,0.0,0.0,0.0,0.0,0.0,0.0,0.0,0.0,0.0,0.0,0.0,0.0,0.0,0.0,0.0,0.0,0.0,0.0,0.0,0.0,0.0,0.0,0.0,0.0,0.0,0.0,0.0,0.0,0.0,0.0,0.0
0.0,0.0,0.0,0.0,0.0,0.0,0.0,0.0,0.0,0.0,0.0,0.0,0.0,0.0,0.0,0.0,0.0,0.0,0.0,0.0,0.0,0.0,0.0,0.0,0.0,0.0,0.0,0.0,0.0,0.0,0.0,0.0,0.0,0.0,0.0,0.0,0.0,0.0,0.0,0.0
0.0,0.0,0.0,0.0,0.0,0.0,0.0,0.0,0.0,0.0,0.0,0.0,0.0,0.0,0.0,0.0,0.0,0.0,0.0,0.0,0.0,0.0,0.0,0.0,0.0,0.0,0.0,0.0,0.0,0.0,0.0,0.0,0.0,0.0,0.0,0.0,0.0,0.0,0.0,0.0
0.0,0.0,0.0,0.0,0.0,0.0,0.0,0.0,0.0,0.0,0.0,0.0,0.0,0.0,0.0,0.0,0.0,0.0,0.0,0.0,0.0,0.0,0.0,0.0,0.0,0.0,0.0,0.0,0.0,0.0,0.0,0.0,0.0,0.0,0.0,0.0,0.0,0.0,0.0,0.0
0.0,0.0,0.0,0.0,0.0,0.0,0.0,0.0,0.0,0.0,0.0,0.0,0.0,0.0,0.0,0.0,0.0,0.0,0.0,0.0,0.0,0.0,0.0,0.0,0.0,0.0,0.0,0.0,0.0,0.0,0.0,0.0,0.0,0.0,0.0,0.0,0.0,0.0,0.0,0.0
0.0,0.0,0.0,0.0,0.0,0.0,0.0,0.0,0.0,0.0,0.0,0.0,0.0,0.0,0.0,0.0,0.0,0.0,0.0,0.0,0.0,0.0,0.0,0.0,0.0,0.0,0.0,0.0,0.0,0.0,0.0,0.0,0.0,0.0,0.0,0.0,0.0,0.0,0.0,0.0
0.0,0.0,0.0,0.0,0.0,0.0,0.0,0.0,0.0,0.0,0.0,0.0,0.0,0.0,0.0,0.0,0.0,0.0,0.0,0.0,0.0,0.0,0.0,0.0,0.0,0.0,0.0,0.0,0.0,0.0,0.0,0.0,0.0,0.0,0.0,0.0,0.0,0.0,0.0,0.0
0.0,0.0,0.0,0.0,0.0,0.0,0.0,0.0,0.0,0.0,0.0,0.0,0.0,0.0,0.0,0.0,0.0,0.0,0.0,0.0,0.0,0.0,0.0,0.0,0.0,0.0,0.0,0.0,0.0,0.0,0.0,0.0,0.0,0.0,0.0,0.0,0.0,0.0,0.0,0.0
0.0,0.0,0.0,0.0,0.0,0.0,0.0,0.0,0.0,0.0,0.0,0.0,0.0,0.0,0.0,0.0,0.0,0.0,0.0,0.0,0.0,0.0,0.0,0.0,0.0,0.0,0.0,0.0,0.0,0.0,0.0,0.0,0.0,0.0,0.0,0.0,0.0,0.0,0.0,0.0
0.0,-0.003,0.0,-0.008,0.0,-0.009,-0.012,-0.003,0.0,-0.005,-0.003,-0.002,-0.008,-0.007,0.0,-0.007,0.0,-0.008,-0.019,-0.001,-0.003,0.0,-0.003,-0.007,-0.028,-0.056,-0.031,-0.004,-0.014,0.0,-0.001,0.0,-0.006,-0.017,-0.045,-0.093,0.0,-0.002,0.0,0.0
-0.24,-0.03,-0.062,-0.088,-0.119,-0.063,-0.067,-0.022,-0.003,-0.063,-0.055,-0.076,-0.059,-0.049,-0.007,-0.048,-0.016,-0.399,-0.064,-0.044,-0.477,0.0,-0.074,-0.157,-0.072,-0.288,-0.26,-0.051,-0.08,-0.031,-0.409,-0.01,-0.071,-0.181,-0.324,-0.681,-0.029,-0.155,-0.038,-0.001
-1.176,-0.106,-0.732,-0.388,-1.066,-0.236,-0.134,-1.029,-1.076,-0.209,-0.224,-0.245,-0.148,-0.177,-0.213,-0.441,-0.254,-1.834,-0.111,-0.481,-1.597,-0.002,-0.192,-0.403,-0.232,-0.625,-0.634,-0.555,-0.195,-0.09,-1.062,-0.045,-0.281,-0.453,-0.68,-0.928,-0.157,-0.508,-0.221,-0.011
-1.859,-0.219,-1.303,-0.968,-1.723,-1.177,-0.54,-1.912,-1.868,-0.409,-0.464,-0.621,-0.268,-0.42,-0.459,-1.353,-0.535,-2.696,-0.181,-0.899,-2.121,-0.012,-0.621,-0.776,-0.927,-0.983,-0.992,-1.536,-0.327,-0.146,-1.63,-0.096,-0.507,-0.819,-1.149,-1.31,-0.352,-0.875,-0.527,-0.033
-2.296,-0.437,-2.485,-1.492,-2.64,-1.766,-1.009,-2.407,-2.374,-0.691,-0.837,-0.946,-0.413,-0.909,-0.687,-1.737,-0.79,-3.216,-0.591,-1.226,-2.292,-0.017,-0.948,-1.145,-1.568,-1.3,-1.307,-2.219,-0.453,-0.306,-2.142,-1.528,-0.761,-1.182,-1.457,-1.749,-0.595,-1.194,-0.95,-0.054
-2.657,-0.759,-2.876,-1.641,-2.937,-2.124,-1.492,-2.78,-2.75,-1.227,-1.238,-1.249,-0.61,-1.466,-0.934,-1.977,-1.04,-3.557,-1.932,-1.544,-2.692,-0.506,-1.234,-1.439,-1.863,-1.61,-1.617,-2.645,-0.573,-0.755,-2.517,-2.347,-1.042,-1.57,-1.765,-2.019,-0.869,-1.559,-1.391,-0.069
-2.883,-1.266,-3.107,-1.756,-3.199,-2.877,-1.844,-3.088,-3.074,-1.71,-1.696,-1.54,-0.857,-1.771,-1.144,-2.538,-1.273,-3.761,-2.399,-1.861,-3.167,-1.0,-1.487,-1.721,-2.143,-1.903,-1.916,-2.913,-1.3,-1.32,-2.925,-2.763,-1.336,-1.909,-2.007,-2.193,-1.1,-1.941,-1.772,-0.08
-3.019,-1.688,-3.279,-2.043,-3.375,-3.384,-2.16,-3.33,-3.318,-2.037,-2.029,-1.812,-1.088,-2.049,-1.594,-2.861,-1.511,-3.896,-2.681,-2.145,-3.57,-1.226,-1.728,-2.0,-2.4,-2.155,-2.173,-3.124,-2.853,-1.789,-3.284,-3.318,-1.656,-2.176,-2.246,-2.692,-1.422,-2.308,-2.09,-0.09
-3.124,-1.976,-3.358,-3.521,-3.528,-3.55,-2.441,-3.536,-3.508,-2.321,-2.314,-2.067,-1.273,-2.279,-2.187,-3.159,-1.738,-4.037,-2.914,-2.386,-3.685,-1.437,-1.962,-2.277,-2.642,-2.374,-2.394,-3.304,-3.084,-2.248,-3.447,-3.568,-1.944,-2.419,-2.495,-2.982,-1.683,-2.594,-2.35,-0.098
-3.526,-2.236,-3.19,-3.715,-3.62,-3.641,-2.692,-3.684,-3.671,-2.555,-2.55,-2.311,-1.458,-2.505,-2.474,-3.311,-1.948,-3.249,-3.114,-2.581,-3.668,-1.638,-1.715,-2.51,-2.853,-2.588,-2.608,-3.429,-3.22,-2.506,-3.58,-3.678,-2.205,-2.665,-2.736,-3.272,-1.901,-2.84,-2.569,-0.165
-3.597,-2.479,-3.018,-3.791,-3.731,-3.697,-2.922,-3.796,-3.79,-2.763,-2.768,-2.532,-1.637,-2.71,-2.68,-3.414,-2.123,-4.225,-3.302,-2.761,-3.336,-1.807,-2.385,-2.711,-3.035,-2.778,-2.808,-3.535,-3.353,-2.707,-3.687,-3.782,-2.464,-2.838,-2.908,-3.429,-2.106,-3.078,-2.739,-2.95
-3.668,-2.707,-3.108,-3.894,-3.776,-3.709,-3.102,-3.894,-3.902,-2.971,-2.973,-2.73,-1.798,-2.893,-2.858,-3.524,-2.274,-4.28,-3.504,-2.918,-3.856,-1.951,-2.582,-2.896,-3.211,-2.981,-3.011,-3.627,-3.494,-2.926,-3.768,-3.845,-2.715,-2.997,-3.066,-3.579,-2.335,-3.278,-2.889,-3.497
-3.705,-2.9,-2.862,-3.952,-3.806,-3.647,-3.279,-3.975,-3.983,-3.157,-3.157,-2.911,-1.936,-3.049,-3.01,-3.606,-2.435,-4.319,-3.671,-3.06,-3.889,-2.07,-2.734,-3.052,-3.349,-3.143,-3.177,-3.701,-3.601,-3.09,-3.855,-3.903,-2.892,-3.153,-3.204,-3.573,-2.595,-3.458,-3.023,-3.436
-3.735,-3.09,-2.898,-3.967,-3.858,-3.544,-3.466,-4.049,-4.037,-3.308,-3.31,-3.065,-2.07,-3.158,-3.153,-3.631,-2.569,-4.362,-3.773,-3.18,-3.941,-2.12,-2.867,-3.167,-3.466,-3.284,-3.311,-3.747,-3.628,-3.244,-3.879,-3.952,-3.057,-3.317,-3.381,-3.636,-2.887,-3.617,-3.165,-3.427
-3.756,-3.246,-3.48,-4.006,-3.874,-3.51,-3.611,-4.104,-4.101,-3.457,-3.225,-3.186,-2.187,-3.285,-3.3,-3.715,-2.689,-4.405,-3.894,-3.291,-3.933,-2.293,-3.002,-3.261,-3.579,-3.404,-3.431,-3.791,-3.704,-3.373,-3.88,-4.013,-3.193,-3.418,-3.477,-3.604,-3.058,-3.753,-3.281,-3.44
-3.808,-3.371,-3.837,-4.041,-3.845,-3.431,-3.739,-4.155,-4.177,-3.645,-3.637,-3.275,-2.299,-3.4,-3.439,-3.73,-2.818,-4.407,-3.977,-3.381,-3.979,-2.398,-3.105,-3.362,-3.664,-3.52,-3.535,-3.824,-3.765,-3.467,-3.441,-4.034,-3.323,-3.551,-3.595,-3.653,-3.181,-3.858,-3.369,-3.452
-3.849,-3.484,-3.842,-4.076,-3.837,-3.412,-3.855,-4.204,-4.231,-3.783,-3.775,-3.366,-2.385,-3.51,-3.53,-3.683,-2.903,-4.4,-4.012,-3.44,-4.018,-2.465,-3.19,-3.439,-3.725,-3.593,-3.622,-3.857,-3.805,-3.53,-3.943,-4.047,-3.415,-3.622,-3.682,-3.607,-3.292,-3.92,-3.44,-3.461
-3.853,-3.572,-3.849,-4.09,-3.794,-3.411,-3.914,-4.235,-4.27,-3.891,-3.883,-3.47,-2.449,-3.592,-3.599,-3.638,-2.944,-4.432,-4.057,-3.493,-4.041,-2.53,-3.256,-3.498,-3.775,-3.656,-3.697,-3.883,-3.816,-3.584,-3.94,-4.068,-3.495,-3.63,-3.722,-3.65,-3.372,-3.998,-3.474,-3.463
-3.845,-3.647,-3.843,-4.112,-3.773,-3.332,-3.933,-4.242,-4.292,-3.927,-3.921,-3.52,-2.507,-3.668,-3.637,-3.643,-3.009,-4.484,-4.114,-3.598,-4.03,-2.558,-3.298,-3.533,-3.802,-3.722,-3.745,-3.888,-3.878,-3.616,-3.925,-4.041,-3.553,-3.696,-3.765,-3.607,-3.419,-4.078,-3.509,-3.47
-3.828,-3.676,-3.841,-4.14,-3.715,-3.232,-3.991,-4.255,-4.298,-3.978,-3.977,-3.541,-2.52,-3.704,-3.648,-3.607,-3.031,-4.493,-4.147,-3.638,-4.03,-2.611,-3.32,-3.55,-3.809,-3.745,-3.774,-3.902,-3.871,-3.641,-3.929,-4.028,-3.587,-3.699,-3.745,-3.665,-3.449,-4.114,-3.537,-3.47
-3.833,-3.703,-3.857,-4.057,-3.631,-3.114,-4.0,-4.275,-4.301,-3.992,-3.992,-3.566,-2.503,-3.69,-3.652,-3.53,-3.031,-4.482,-4.149,-3.638,-4.062,-2.637,-3.319,-3.565,-3.809,-3.728,-3.768,-3.904,-3.897,-3.672,-3.905,-4.059,-3.605,-3.679,-3.761,-3.63,-3.495,-4.14,-3.553,-3.489
-3.848,-3.732,-3.827,-4.051,-3.526,-2.987,-3.954,-4.272,-4.312,-3.994,-4.007,-3.561,-2.526,-3.686,-3.658,-3.491,-3.041,-4.435,-4.108,-3.641,-3.942,-2.638,-3.308,-3.559,-3.76,-3.691,-3.721,-3.907,-3.908,-3.66,-3.934,-4.053,-3.598,-3.623,-3.7,-3.669,-3.52,-4.123,-3.545,-3.475
-3.844,-3.72,-3.809,-4.024,-1.472,-2.838,-3.918,-4.278,-4.302,-3.967,-3.989,-3.528,-2.527,-3.662,-3.642,-3.365,-3.029,-4.416,-4.04,-3.642,-3.8,-2.618,-3.287,-3.518,-3.684,-3.646,-3.684,-3.901,-3.895,-3.611,-3.918,-4.034,-3.588,-3.682,-3.743,-3.627,-3.551,-4.066,-3.541,-3.477
-3.837,-3.696,-3.681,-4.002,-3.331,-2.698,-3.899,-4.266,-4.299,-3.913,-3.936,-3.488,-2.489,-3.629,-3.573,-3.276,-2.979,-4.388,-3.972,-3.611,-4.014,-2.59,-3.257,-3.461,-3.627,-3.618,-3.649,-3.891,-3.872,-3.594,-3.908,-4.014,-3.525,-3.523,-3.694,-3.683,-3.54,-4.027,-3.5,-3.477
-3.822,-3.658,-2.932,-3.952,-3.231,-2.558,-3.834,-4.26,-4.298,-3.851,-3.872,-3.437,-2.458,-3.559,-3.44,-3.176,-2.92,-4.396,-3.927,-3.545,-3.985,-2.55,-3.211,-3.404,-3.538,-3.558,-3.591,-3.878,-3.858,-3.532,-3.864,-3.997,-3.445,-3.53,-3.615,-3.643,-3.505,-4.02,-3.478,-3.453
-3.803,-3.632,-2.867,-3.884,-3.139,-2.41,-3.742,-4.186,-3.521,-3.754,-3.774,-3.337,-2.406,-3.486,-3.276,-3.05,-2.849,-4.376,-3.81,-3.454,-3.953,-2.491,-3.149,-3.32,-3.475,-3.455,-3.48,-3.844,-3.8,-3.47,-3.826,-3.959,-3.388,-3.438,-3.517,-3.639,-3.459,-3.947,-3.418,-3.425
-3.78,-3.537,-2.865,-3.835,-3.675,-2.322,-3.627,-4.142,-2.243,-3.641,-3.665,-3.222,-2.334,-3.356,-3.162,-2.904,-2.765,-4.318,-3.682,-3.374,-3.929,-2.422,-3.037,-3.211,-3.384,-3.357,-3.38,-3.799,-3.742,-3.421,-3.793,-3.922,-3.284,-3.333,-3.405,-3.585,-3.387,-3.857,-3.3,-3.406
-3.75,-3.441,-3.069,-3.764,-3.731,-2.253,-3.476,-4.07,-3.544,-3.488,-3.503,-3.082,-2.255,-3.23,-3.049,-2.748,-2.663,-4.272,-3.543,-3.275,-3.881,-2.315,-2.925,-3.114,-3.256,-3.248,-3.273,-3.778,-3.694,-3.331,-3.727,-3.898,-3.162,-3.193,-3.265,-3.582,-3.285,-3.697,-3.141,-3.38
-3.678,-3.352,-2.958,-3.732,-3.68,-2.215,-3.362,-4.042,-4.073,-3.379,-3.392,-2.933,-2.151,-3.109,-2.876,-2.59,-2.541,-4.231,-3.4,-3.128,-3.84,-2.185,-2.791,-2.988,-3.082,-3.127,-3.148,-3.731,-3.636,-3.2,-3.669,-3.827,-3.018,-3.031,-3.1,-3.46,-3.184,-3.533,-2.975,-3.352
-3.588,-3.202,-3.247,-3.762,-3.686,-2.164,-3.227,-3.943,-3.995,-3.232,-3.247,-2.77,-2.016,-2.95,-2.697,-2.428,-2.4,-4.195,-3.213,-2.968,-3.766,-2.031,-2.634,-2.826,-2.909,-2.972,-2.991,-3.63,-3.437,-3.045,-3.617,-3.777,-2.837,-2.845,-2.906,-3.277,-3.05,-3.373,-2.784,-3.334
-3.501,-3.028,-3.21,-3.666,-3.567,-2.115,-3.031,-3.882,-3.911,-2.966,-2.986,-2.582,-1.878,-2.79,-2.503,-2.262,-2.249,-4.117,-3.021,-2.798,-3.699,-1.911,-2.475,-2.627,-2.708,-2.792,-2.812,-3.478,-3.114,-2.931,-3.524,-3.707,-2.637,-2.633,-2.696,-3.249,-2.884,-3.188,-2.566,-3.281
-3.368,-2.862,-3.135,-3.45,-3.485,-2.034,-2.835,-3.762,-3.784,-2.697,-2.721,-2.374,-1.727,-2.591,-2.359,-2.061,-2.087,-4.069,-2.754,-2.638,-3.661,-1.734,-2.324,-2.413,-2.48,-2.587,-2.602,-3.323,-2.804,-2.735,-3.457,-3.591,-2.433,-2.391,-2.452,-3.096,-2.724,-2.969,-2.354,-3.209
-3.155,-2.655,-2.964,-2.597,-3.29,-1.957,-2.596,-3.627,-3.638,-2.479,-2.499,-2.153,-1.54,-2.377,-2.115,-1.873,-1.893,-3.982,-2.461,-2.409,-3.557,-1.578,-2.1,-2.185,-2.242,-2.375,-2.388,-3.129,-2.39,-2.214,-3.339,-3.466,-2.147,-2.125,-2.189,-2.874,-2.539,-2.721,-2.118,-3.142
-2.823,-2.429,-2.775,-2.288,-3.126,-1.856,-2.347,-3.475,-3.484,-2.215,-2.234,-1.917,-1.354,-2.128,-1.845,-1.706,-1.692,-3.901,-2.142,-2.131,-3.403,-1.37,-1.888,-1.935,-2.0,-2.161,-2.169,-2.959,-1.968,-1.878,-3.209,-3.339,-1.808,-1.832,-1.893,-2.548,-2.33,-2.453,-1.86,-3.038
-2.751,-2.18,-2.55,-1.852,-2.924,-1.749,-2.063,-3.259,-3.258,-1.864,-1.879,-1.647,-0.995,-1.882,-1.601,-1.571,-1.481,-3.772,-1.791,-1.393,-3.238,-1.144,-1.629,-1.691,-1.726,-1.904,-1.909,-2.819,-1.507,-1.56,-3.002,-3.125,-1.508,-1.523,-1.584,-2.054,-2.094,-2.155,-1.543,-2.924
-2.547,-1.903,-1.721,-1.467,-2.723,-1.586,-1.764,-2.96,-2.958,-1.538,-1.546,-1.363,-0.483,-1.582,-1.344,-0.659,-1.259,-3.566,-1.408,-1.199,-3.011,-0.936,-1.366,-1.432,-1.435,-1.618,-1.619,-2.585,-1.049,-1.168,-2.727,-2.877,-1.24,-1.21,-1.268,-1.266,-1.828,-1.618,-1.223,-2.76
-2.046,-1.554,-1.094,-1.37,-2.389,-1.364,-1.438,-2.713,-2.702,-1.229,-1.251,-1.07,-0.207,-1.293,-1.028,-0.143,-1.026,-3.325,-0.959,-0.759,-2.723,-0.69,-1.085,-1.149,-1.137,-1.321,-1.314,-2.309,-0.637,-0.778,-2.397,-2.577,-0.877,-0.895,-0.942,-1.008,-1.52,-0.605,-0.863,-2.558
-1.548,-0.57,-0.906,-0.673,-1.822,-1.076,-0.962,-2.292,-2.2,-0.716,-0.764,-0.594,-0.147,-0.971,-0.735,-0.127,-0.79,-2.969,-0.58,-0.384,-2.329,-0.462,-0.787,-0.843,-0.829,-0.999,-0.989,-1.917,-0.827,-0.454,-1.781,-2.206,-0.514,-0.602,-0.642,-0.995,-1.197,-0.135,-0.379,-2.313
-1.168,-0.105,-0.308,-0.102,-1.148,-0.751,-0.19,-1.678,-0.973,-0.433,-0.432,-0.211,-0.111,-0.645,-0.497,-0.108,-0.551,-2.476,-0.302,-0.551,-1.778,-0.233,-0.491,-0.529,-0.468,-0.664,-0.649,-1.392,-0.542,-0.236,-0.118,-1.647,-0.244,-0.288,-0.317,-0.706,-0.836,-0.114,-0.201,-1.99
-0.636,-0.056,-0.044,-0.068,-0.161,-0.38,-0.099,-0.656,-0.141,-0.159,-0.13,-0.078,-0.076,-0.347,-0.267,-0.081,-0.24,-1.628,-0.121,-0.27,-0.644,-0.073,-0.276,-0.244,-0.145,-0.244,-0.241,-0.34,-0.178,-0.056,-0.051,-0.798,-0.1,-0.076,-0.095,-0.067,-0.457,-0.086,-0.149,-0.545
-0.068,-0.016,0.0,-0.018,0.0,-0.079,-0.038,-0.04,-0.018,-0.034,-0.022,-0.028,-0.03,-0.087,-0.085,-0.046,-0.031,-0.503,-0.043,-0.074,-0.111,-0.012,-0.094,-0.032,-0.044,-0.036,-0.035,-0.012,-0.046,-0.022,-0.009,-0.01,-0.032,0.0,-0.008,-0.013,-0.138,-0.052,-0.057,-0.053
0.0,0.0,0.0,0.0,0.0,0.0,-0.003,-0.001,0.0,0.0,0.0,0.0,-0.001,0.0,-0.004,-0.009,-0.005,-0.008,-0.002,-0.011,-0.038,-0.001,-0.001,-0.004,-0.002,-0.002,-0.002,0.0,-0.013,0.0,0.0,0.0,-0.001,0.0,0.0,0.0,-0.01,-0.013,-0.011,-0.008
0.0,0.0,0.0,0.0,0.0,0.0,0.0,0.0,0.0,0.0,0.0,0.0,0.0,0.0,0.0,0.0,0.0,0.0,0.0,0.0,0.0,0.0,0.0,0.0,0.0,0.0,0.0,0.0,0.0,0.0,0.0,0.0,0.0,0.0,0.0,0.0,0.0,0.0,0.0,0.0
0.0,0.0,0.0,0.0,0.0,0.0,0.0,0.0,0.0,0.0,0.0,0.0,0.0,0.0,0.0,0.0,0.0,0.0,0.0,0.0,0.0,0.0,0.0,0.0,0.0,0.0,0.0,0.0,0.0,0.0,0.0,0.0,0.0,0.0,0.0,0.0,0.0,0.0,0.0,0.0
0.0,0.0,0.0,0.0,0.0,0.0,0.0,0.0,0.0,0.0,0.0,0.0,0.0,0.0,0.0,0.0,0.0,0.0,0.0,0.0,0.0,0.0,0.0,0.0,0.0,0.0,0.0,0.0,0.0,0.0,0.0,0.0,0.0,0.0,0.0,0.0,0.0,0.0,0.0,0.0
0.0,0.0,0.0,0.0,0.0,0.0,0.0,0.0,0.0,0.0,0.0,0.0,0.0,0.0,0.0,0.0,0.0,0.0,0.0,0.0,0.0,0.0,0.0,0.0,0.0,0.0,0.0,0.0,0.0,0.0,0.0,0.0,0.0,0.0,0.0,0.0,0.0,0.0,0.0,0.0
0.0,0.0,0.0,0.0,0.0,0.0,0.0,0.0,0.0,0.0,0.0,0.0,0.0,0.0,0.0,0.0,0.0,0.0,0.0,0.0,0.0,0.0,0.0,0.0,0.0,0.0,0.0,0.0,0.0,0.0,0.0,0.0,0.0,0.0,0.0,0.0,0.0,0.0,0.0,0.0
0.0,0.0,0.0,0.0,0.0,0.0,0.0,0.0,0.0,0.0,0.0,0.0,0.0,0.0,0.0,0.0,0.0,0.0,0.0,0.0,0.0,0.0,0.0,0.0,0.0,0.0,0.0,0.0,0.0,0.0,0.0,0.0,0.0,0.0,0.0,0.0,0.0,0.0,0.0,0.0
0.0,0.0,0.0,0.0,0.0,0.0,0.0,0.0,0.0,0.0,0.0,0.0,0.0,0.0,0.0,0.0,0.0,0.0,0.0,0.0,0.0,0.0,0.0,0.0,0.0,0.0,0.0,0.0,0.0,0.0,0.0,0.0,0.0,0.0,0.0,0.0,0.0,0.0,0.0,0.0
0.0,0.0,0.0,0.0,0.0,0.0,0.0,0.0,0.0,0.0,0.0,0.0,0.0,0.0,0.0,0.0,0.0,0.0,0.0,0.0,0.0,0.0,0.0,0.0,0.0,0.0,0.0,0.0,0.0,0.0,0.0,0.0,0.0,0.0,0.0,0.0,0.0,0.0,0.0,0.0
0.0,0.0,0.0,0.0,0.0,0.0,0.0,0.0,0.0,0.0,0.0,0.0,0.0,0.0,0.0,0.0,0.0,0.0,0.0,0.0,0.0,0.0,0.0,0.0,0.0,0.0,0.0,0.0,0.0,0.0,0.0,0.0,0.0,0.0,0.0,0.0,0.0,0.0,0.0,0.0
0.0,0.0,0.0,0.0,0.0,0.0,0.0,0.0,0.0,0.0,0.0,0.0,0.0,0.0,0.0,0.0,0.0,0.0,0.0,0.0,0.0,0.0,0.0,0.0,0.0,0.0,0.0,0.0,0.0,0.0,0.0,0.0,0.0,0.0,0.0,0.0,0.0,0.0,0.0,0.0
0.0,0.0,0.0,0.0,0.0,0.0,0.0,0.0,0.0,0.0,0.0,0.0,0.0,0.0,0.0,0.0,0.0,0.0,0.0,0.0,0.0,0.0,0.0,0.0,0.0,0.0,0.0,0.0,0.0,0.0,0.0,0.0,0.0,0.0,0.0,0.0,0.0,0.0,0.0,0.0
0.0,0.0,0.0,0.0,0.0,0.0,0.0,0.0,0.0,0.0,0.0,0.0,0.0,0.0,0.0,0.0,0.0,0.0,0.0,0.0,0.0,0.0,0.0,0.0,0.0,0.0,0.0,0.0,0.0,0.0,0.0,0.0,0.0,0.0,0.0,0.0,0.0,0.0,0.0,0.0
0.0,0.0,0.0,0.0,0.0,0.0,0.0,0.0,0.0,0.0,0.0,0.0,0.0,0.0,0.0,0.0,0.0,0.0,0.0,0.0,0.0,0.0,0.0,0.0,0.0,0.0,0.0,0.0,0.0,0.0,0.0,0.0,0.0,0.0,0.0,0.0,0.0,0.0,0.0,0.0
0.0,0.0,0.0,0.0,0.0,0.0,0.0,0.0,0.0,0.0,0.0,0.0,0.0,0.0,0.0,0.0,0.0,0.0,0.0,0.0,0.0,0.0,0.0,0.0,0.0,0.0,0.0,0.0,0.0,0.0,0.0,0.0,0.0,0.0,0.0,0.0,0.0,0.0,0.0,0.0
0.0,0.0,0.0,0.0,0.0,0.0,0.0,0.0,0.0,0.0,0.0,0.0,0.0,0.0,0.0,0.0,0.0,0.0,0.0,0.0,0.0,0.0,0.0,0.0,0.0,0.0,0.0,0.0,0.0,0.0,0.0,0.0,0.0,0.0,0.0,0.0,0.0,0.0,0.0,0.0
0.0,0.0,0.0,0.0,0.0,0.0,0.0,0.0,0.0,0.0,0.0,0.0,0.0,0.0,0.0,0.0,0.0,0.0,0.0,0.0,0.0,0.0,0.0,0.0,0.0,0.0,0.0,0.0,0.0,0.0,0.0,0.0,0.0,0.0,0.0,0.0,0.0,0.0,0.0,0.0
0.0,0.0,0.0,0.0,0.0,0.0,0.0,0.0,0.0,0.0,0.0,0.0,0.0,0.0,0.0,0.0,0.0,0.0,0.0,0.0,0.0,0.0,0.0,0.0,0.0,0.0,0.0,0.0,0.0,0.0,0.0,0.0,0.0,0.0,0.0,0.0,0.0,0.0,0.0,0.0
0.0,0.0,0.0,0.0,0.0,0.0,0.0,0.0,0.0,0.0,0.0,0.0,0.0,0.0,0.0,0.0,0.0,0.0,0.0,0.0,0.0,0.0,0.0,0.0,0.0,0.0,0.0,0.0,0.0,0.0,0.0,0.0,0.0,0.0,0.0,0.0,0.0,0.0,0.0,0.0
0.0,0.0,0.0,0.0,0.0,0.0,0.0,0.0,0.0,0.0,0.0,0.0,0.0,0.0,0.0,0.0,0.0,0.0,0.0,0.0,0.0,0.0,0.0,0.0,0.0,0.0,0.0,0.0,0.0,0.0,0.0,0.0,0.0,0.0,0.0,0.0,0.0,0.0,0.0,0.0
0.0,0.0,0.0,0.0,0.0,0.0,0.0,0.0,0.0,0.0,0.0,0.0,0.0,0.0,0.0,0.0,0.0,0.0,0.0,0.0,0.0,0.0,0.0,0.0,0.0,0.0,0.0,0.0,0.0,0.0,0.0,0.0,0.0,0.0,0.0,0.0,0.0,0.0,0.0,0.0
0.0,0.0,0.0,0.0,0.0,0.0,0.0,0.0,0.0,0.0,0.0,0.0,0.0,0.0,0.0,0.0,0.0,0.0,0.0,0.0,0.0,0.0,0.0,0.0,0.0,0.0,0.0,0.0,0.0,0.0,0.0,0.0,0.0,0.0,0.0,0.0,0.0,0.0,0.0,0.0
0.0,0.0,0.0,0.0,0.0,0.0,0.0,0.0,0.0,0.0,0.0,0.0,0.0,0.0,0.0,0.0,0.0,0.0,0.0,0.0,0.0,0.0,0.0,0.0,0.0,0.0,0.0,0.0,0.0,0.0,0.0,0.0,0.0,0.0,0.0,0.0,0.0,0.0,0.0,0.0
0.0,0.0,0.0,0.0,0.0,0.0,0.0,0.0,0.0,0.0,0.0,0.0,0.0,0.0,0.0,0.0,0.0,0.0,0.0,0.0,0.0,0.0,0.0,0.0,0.0,0.0,0.0,0.0,0.0,0.0,0.0,0.0,0.0,0.0,0.0,0.0,0.0,0.0,0.0,0.0
0.0,0.0,0.0,0.0,0.0,0.0,0.0,0.0,0.0,0.0,0.0,0.0,0.0,0.0,0.0,0.0,0.0,0.0,0.0,0.0,0.0,0.0,0.0,0.0,0.0,0.0,0.0,0.0,0.0,0.0,0.0,0.0,0.0,0.0,0.0,0.0,0.0,0.0,0.0,0.0
0.0,0.0,0.0,0.0,0.0,0.0,0.0,0.0,0.0,0.0,0.0,0.0,0.0,0.0,0.0,0.0,0.0,0.0,0.0,0.0,0.0,0.0,0.0,0.0,0.0,0.0,0.0,0.0,0.0,0.0,0.0,0.0,0.0,0.0,0.0,0.0,0.0,0.0,0.0,0.0
0.0,0.0,0.0,0.0,0.0,0.0,0.0,0.0,0.0,0.0,0.0,0.0,0.0,0.0,0.0,0.0,0.0,0.0,0.0,0.0,0.0,0.0,0.0,0.0,0.0,0.0,0.0,0.0,0.0,0.0,0.0,0.0,0.0,0.0,0.0,0.0,0.0,0.0,0.0,0.0
0.0,0.0,0.0,0.0,0.0,0.0,0.0,0.0,0.0,0.0,0.0,0.0,0.0,0.0,0.0,0.0,0.0,0.0,0.0,0.0,0.0,0.0,0.0,0.0,0.0,0.0,0.0,0.0,0.0,0.0,0.0,0.0,0.0,0.0,0.0,0.0,0.0,0.0,0.0,0.0
0.0,0.0,0.0,0.0,0.0,0.0,0.0,0.0,0.0,0.0,0.0,0.0,0.0,0.0,0.0,0.0,0.0,0.0,0.0,0.0,0.0,0.0,0.0,0.0,0.0,0.0,0.0,0.0,0.0,0.0,0.0,0.0,0.0,0.0,0.0,0.0,0.0,0.0,0.0,0.0
0.0,0.0,0.0,0.0,0.0,0.0,0.0,0.0,0.0,0.0,0.0,0.0,0.0,0.0,0.0,0.0,0.0,0.0,0.0,0.0,0.0,0.0,0.0,0.0,0.0,0.0,0.0,0.0,0.0,0.0,0.0,0.0,0.0,0.0,0.0,0.0,0.0,0.0,0.0,0.0
0.0,0.0,0.0,0.0,0.0,0.0,0.0,0.0,0.0,0.0,0.0,0.0,0.0,0.0,0.0,0.0,0.0,0.0,0.0,0.0,0.0,0.0,0.0,0.0,0.0,0.0,0.0,0.0,0.0,0.0,0.0,0.0,0.0,0.0,0.0,0.0,0.0,0.0,0.0,0.0
0.0,0.0,0.0,0.0,0.0,0.0,0.0,0.0,0.0,0.0,0.0,0.0,0.0,0.0,0.0,0.0,0.0,0.0,0.0,0.0,0.0,0.0,0.0,0.0,0.0,0.0,0.0,0.0,0.0,0.0,0.0,0.0,0.0,0.0,0.0,0.0,0.0,0.0,0.0,0.0
0.0,0.0,0.0,0.0,0.0,0.0,0.0,0.0,0.0,0.0,0.0,0.0,0.0,0.0,0.0,0.0,0.0,0.0,0.0,0.0,0.0,0.0,0.0,0.0,0.0,0.0,0.0,0.0,0.0,0.0,0.0,0.0,0.0,0.0,0.0,0.0,0.0,0.0,0.0,0.0
0.0,0.0,0.0,0.0,0.0,0.0,0.0,0.0,0.0,0.0,0.0,0.0,0.0,0.0,0.0,0.0,0.0,0.0,0.0,0.0,0.0,0.0,0.0,0.0,0.0,0.0,0.0,0.0,0.0,0.0,0.0,0.0,0.0,0.0,0.0,0.0,0.0,0.0,0.0,0.0
0.0,0.0,0.0,0.0,0.0,0.0,0.0,0.0,0.0,0.0,0.0,0.0,0.0,0.0,0.0,0.0,0.0,0.0,0.0,0.0,0.0,0.0,0.0,0.0,0.0,0.0,0.0,0.0,0.0,0.0,0.0,0.0,0.0,0.0,0.0,0.0,0.0,0.0,0.0,0.0
0.0,0.0,0.0,0.0,0.0,0.0,0.0,0.0,0.0,0.0,0.0,0.0,0.0,0.0,0.0,0.0,0.0,0.0,0.0,0.0,0.0,0.0,0.0,0.0,0.0,0.0,0.0,0.0,0.0,0.0,0.0,0.0,0.0,0.0,0.0,0.0,0.0,0.0,0.0,0.0
0.0,0.0,0.0,0.0,0.0,0.0,0.0,0.0,0.0,0.0,0.0,0.0,0.0,0.0,0.0,0.0,0.0,0.0,0.0,0.0,0.0,0.0,0.0,0.0,0.0,0.0,0.0,0.0,0.0,0.0,0.0,0.0,0.0,0.0,0.0,0.0,0.0,0.0,0.0,0.0
0.0,0.0,0.0,0.0,0.0,0.0,0.0,0.0,0.0,0.0,0.0,0.0,0.0,0.0,0.0,0.0,0.0,0.0,0.0,0.0,0.0,0.0,0.0,0.0,0.0,0.0,0.0,0.0,0.0,0.0,0.0,0.0,0.0,0.0,0.0,0.0,0.0,0.0,0.0,0.0
0.0,0.0,0.0,0.0,0.0,0.0,0.0,0.0,0.0,0.0,0.0,0.0,0.0,0.0,0.0,0.0,0.0,0.0,0.0,0.0,0.0,0.0,0.0,0.0,0.0,0.0,0.0,0.0,0.0,0.0,0.0,0.0,0.0,0.0,0.0,0.0,0.0,0.0,0.0,0.0
0.0,0.0,0.0,0.0,0.0,0.0,0.0,0.0,0.0,0.0,0.0,0.0,0.0,0.0,0.0,0.0,0.0,0.0,0.0,0.0,0.0,0.0,0.0,0.0,0.0,0.0,0.0,0.0,0.0,0.0,0.0,0.0,0.0,0.0,0.0,0.0,0.0,0.0,0.0,0.0
0.0,0.0,0.0,0.0,0.0,0.0,0.0,0.0,0.0,0.0,0.0,0.0,0.0,0.0,0.0,0.0,0.0,0.0,0.0,0.0,0.0,0.0,0.0,0.0,0.0,0.0,0.0,0.0,0.0,0.0,0.0,0.0,0.0,0.0,0.0,0.0,0.0,0.0,0.0,0.0
0.0,0.0,0.0,0.0,0.0,0.0,0.0,0.0,0.0,0.0,0.0,0.0,0.0,0.0,0.0,0.0,0.0,0.0,0.0,0.0,0.0,0.0,0.0,0.0,0.0,0.0,0.0,0.0,0.0,0.0,0.0,0.0,0.0,0.0,0.0,0.0,0.0,0.0,0.0,0.0
0.0,0.0,0.0,0.0,0.0,0.0,0.0,0.0,0.0,0.0,0.0,0.0,0.0,0.0,0.0,0.0,0.0,0.0,0.0,0.0,0.0,0.0,0.0,0.0,0.0,0.0,0.0,0.0,0.0,0.0,0.0,0.0,0.0,0.0,0.0,0.0,0.0,0.0,0.0,0.0
0.0,0.0,0.0,0.0,0.0,0.0,0.0,0.0,0.0,0.0,0.0,0.0,0.0,0.0,0.0,0.0,0.0,0.0,0.0,0.0,0.0,0.0,0.0,0.0,0.0,0.0,0.0,0.0,0.0,0.0,0.0,0.0,0.0,0.0,0.0,0.0,0.0,0.0,0.0,0.0
0.0,0.0,0.0,0.0,0.0,0.0,0.0,0.0,0.0,0.0,0.0,0.0,0.0,0.0,0.0,0.0,0.0,0.0,0.0,0.0,0.0,0.0,0.0,0.0,0.0,0.0,0.0,0.0,0.0,0.0,0.0,0.0,0.0,0.0,0.0,0.0,0.0,0.0,0.0,0.0
0.0,0.0,0.0,0.0,0.0,0.0,0.0,0.0,0.0,0.0,0.0,0.0,0.0,0.0,0.0,0.0,0.0,0.0,0.0,0.0,0.0,0.0,0.0,0.0,0.0,0.0,0.0,0.0,0.0,0.0,0.0,0.0,0.0,0.0,0.0,0.0,0.0,0.0,0.0,0.0
0.0,0.0,0.0,0.0,0.0,0.0,0.0,0.0,0.0,0.0,0.0,0.0,0.0,0.0,0.0,0.0,0.0,0.0,0.0,0.0,0.0,0.0,0.0,0.0,0.0,0.0,0.0,0.0,0.0,0.0,0.0,0.0,0.0,0.0,0.0,0.0,0.0,0.0,0.0,0.0
0.0,0.0,0.0,0.0,0.0,0.0,0.0,0.0,0.0,0.0,0.0,0.0,0.0,0.0,0.0,0.0,0.0,0.0,0.0,0.0,0.0,0.0,0.0,0.0,0.0,0.0,0.0,0.0,0.0,0.0,0.0,0.0,0.0,0.0,0.0,0.0,0.0,0.0,0.0,0.0
0.0,0.0,0.0,0.0,0.0,0.0,0.0,0.0,0.0,0.0,0.0,0.0,0.0,0.0,0.0,0.0,0.0,0.0,0.0,0.0,0.0,0.0,0.0,0.0,0.0,0.0,0.0,0.0,0.0,0.0,0.0,0.0,0.0,0.0,0.0,0.0,0.0,0.0,0.0,0.0
0.0,0.0,0.0,0.0,0.0,0.0,0.0,0.0,0.0,0.0,0.0,0.0,0.0,0.0,0.0,0.0,0.0,0.0,0.0,0.0,0.0,0.0,0.0,0.0,0.0,0.0,0.0,0.0,0.0,0.0,0.0,0.0,0.0,0.0,0.0,0.0,0.0,0.0,0.0,0.0
0.0,0.0,0.0,0.0,0.0,0.0,0.0,0.0,0.0,0.0,0.0,0.0,0.0,0.0,0.0,0.0,0.0,0.0,0.0,0.0,0.0,0.0,0.0,0.0,0.0,0.0,0.0,0.0,0.0,0.0,0.0,0.0,0.0,0.0,0.0,0.0,0.0,0.0,0.0,0.0
0.0,0.0,0.0,0.0,0.0,0.0,0.0,0.0,0.0,0.0,0.0,0.0,0.0,0.0,0.0,0.0,0.0,0.0,0.0,0.0,0.0,0.0,0.0,0.0,0.0,0.0,0.0,0.0,0.0,0.0,0.0,0.0,0.0,0.0,0.0,0.0,0.0,0.0,0.0,0.0
0.0,0.0,0.0,0.0,0.0,0.0,0.0,0.0,0.0,0.0,0.0,0.0,0.0,0.0,0.0,0.0,0.0,0.0,0.0,0.0,0.0,0.0,0.0,0.0,0.0,0.0,0.0,0.0,0.0,0.0,0.0,0.0,0.0,0.0,0.0,0.0,0.0,0.0,0.0,0.0
0.0,0.0,0.0,0.0,0.0,0.0,0.0,0.0,0.0,0.0,0.0,0.0,0.0,0.0,0.0,0.0,0.0,0.0,0.0,0.0,0.0,0.0,0.0,0.0,0.0,0.0,0.0,0.0,0.0,0.0,0.0,0.0,0.0,0.0,0.0,0.0,0.0,0.0,0.0,0.0
0.0,0.0,0.0,0.0,0.0,0.0,0.0,0.0,0.0,0.0,0.0,0.0,0.0,0.0,0.0,0.0,0.0,0.0,0.0,0.0,0.0,0.0,0.0,0.0,0.0,0.0,0.0,0.0,0.0,0.0,0.0,0.0,0.0,0.0,0.0,0.0,0.0,0.0,0.0,0.0
0.0,-0.002,0.0,-0.006,0.0,-0.001,-0.007,0.0,0.0,-0.001,0.0,0.0,-0.006,-0.007,0.0,-0.006,0.0,-0.007,-0.017,0.0,-0.001,0.0,0.0,-0.002,-0.025,-0.016,-0.016,-0.001,-0.009,0.0,0.0,0.0,-0.003,-0.009,-0.027,-0.056,0.0,0.0,0.0,0.0
-0.013,-0.033,-0.029,-0.058,-0.083,-0.059,-0.06,-0.015,-0.005,-0.054,-0.046,-0.055,-0.057,-0.063,-0.001,-0.043,-0.012,-0.288,-0.069,-0.04,-0.226,0.0,-0.057,-0.105,-0.096,-0.14,-0.131,-0.037,-0.021,-0.027,-0.253,-0.01,-0.054,-0.107,-0.171,-0.42,-0.023,-0.109,-0.03,0.0
-0.594,-0.108,-0.167,-0.252,-0.779,-0.156,-0.14,-0.712,-0.735,-0.181,-0.192,-0.189,-0.129,-0.149,-0.201,-0.38,-0.228,-1.473,-0.13,-0.422,-1.589,-0.002,-0.159,-0.328,-0.219,-0.258,-0.26,-0.339,-0.039,-0.093,-0.869,-0.049,-0.228,-0.29,-0.409,-0.719,-0.134,-0.448,-0.191,-0.01
-1.163,-0.219,-0.765,-0.703,-1.336,-0.897,-0.387,-1.541,-1.502,-0.379,-0.412,-0.492,-0.245,-0.318,-0.434,-1.292,-0.519,-2.354,-0.193,-0.869,-2.19,-0.014,-0.491,-0.661,-0.699,-0.678,-0.682,-1.278,-0.087,-0.155,-1.419,-0.099,-0.435,-0.579,-0.816,-1.129,-0.315,-0.806,-0.487,-0.032
-1.648,-0.404,-1.008,-1.27,-2.184,-1.531,-0.836,-2.054,-2.021,-0.613,-0.712,-0.821,-0.37,-0.672,-0.688,-1.709,-0.768,-2.908,-0.476,-1.205,-2.384,-0.022,-0.792,-1.014,-1.259,-1.079,-1.083,-2.018,-0.342,-0.276,-1.96,-1.309,-0.665,-0.936,-1.134,-1.573,-0.539,-1.101,-0.897,-0.052
-2.061,-0.687,-1.359,-1.494,-2.547,-1.929,-1.293,-2.434,-2.401,-1.101,-1.136,-1.109,-0.561,-1.185,-0.874,-1.951,-1.016,-3.296,-1.661,-1.51,-2.675,-0.464,-1.077,-1.313,-1.605,-1.42,-1.425,-2.438,-0.195,-0.669,-2.376,-2.243,-0.93,-1.261,-1.409,-1.851,-0.816,-1.491,-1.317,-0.069
-2.383,-1.128,-2.344,-1.644,-2.831,-2.565,-1.636,-2.765,-2.748,-1.551,-1.535,-1.392,-0.755,-1.488,-1.04,-2.514,-1.255,-3.509,-2.024,-1.854,-3.119,-0.964,-1.304,-1.578,-1.912,-1.701,-1.71,-2.752,-0.771,-1.216,-2.747,-2.71,-1.216,-1.623,-1.716,-1.942,-1.07,-1.861,-1.722,-0.082
-2.655,-1.543,-2.693,-1.962,-3.037,-3.137,-1.946,-3.034,-3.027,-1.841,-1.832,-1.661,-0.959,-1.763,-1.257,-2.837,-1.486,-3.687,-1.448,-2.138,-3.519,-1.185,-1.415,-1.85,-2.188,-1.982,-1.993,-2.998,-1.68,-1.658,-3.144,-3.158,-1.52,-1.916,-1.992,-2.472,-1.398,-2.235,-2.029,-0.092
-2.804,-1.825,-2.824,-3.189,-3.226,-3.311,-2.222,-3.275,-3.266,-2.132,-2.126,-1.922,-1.171,-1.987,-2.084,-3.106,-1.708,-3.835,-1.575,-2.365,-3.645,-1.404,-1.552,-2.11,-2.445,-2.207,-2.229,-3.191,-1.693,-2.154,-3.365,-3.467,-1.811,-2.169,-2.24,-2.766,-1.665,-2.512,-2.286,-0.101
-3.233,-2.084,-2.864,-3.393,-3.358,-3.41,-2.473,-3.449,-3.45,-2.415,-2.407,-2.161,-1.264,-2.214,-2.41,-3.25,-1.913,-3.935,-1.849,-2.569,-3.72,-1.619,-2.0,-2.34,-2.723,-2.45,-2.475,-3.328,-2.098,-2.404,-3.495,-3.582,-2.073,-2.412,-2.489,-3.086,-1.876,-2.762,-2.515,-0.12
-3.341,-2.321,-2.808,-3.516,-3.489,-3.496,-2.694,-3.609,-3.606,-2.664,-2.658,-2.392,-1.444,-2.406,-2.617,-3.332,-2.088,-4.027,-2.754,-2.717,-3.804,-1.787,-2.206,-2.563,-2.932,-2.679,-2.701,-3.445,-3.273,-2.62,-3.585,-3.692,-2.341,-2.626,-2.7,-3.27,-2.082,-3.02,-2.697,-2.65
-3.401,-2.536,-2.669,-3.636,-3.556,-3.52,-2.888,-3.68,-3.706,-2.879,-2.878,-2.572,-1.632,-2.56,-2.793,-3.041,-2.238,-4.122,-3.408,-2.874,-3.863,-1.918,-2.408,-2.784,-3.12,-2.895,-2.923,-3.551,-3.431,-2.84,-3.694,-3.774,-2.604,-2.814,-2.882,-3.434,-2.31,-3.208,-2.861,-3.455
-3.488,-2.734,-3.157,-3.74,-3.631,-3.468,-3.069,-3.793,-3.816,-3.099,-3.095,-2.75,-1.772,-2.769,-2.944,-2.373,-2.385,-4.195,-3.449,-3.027,-3.887,-2.061,-2.561,-2.959,-3.268,-3.085,-3.116,-3.634,-3.542,-3.021,-3.778,-3.83,-2.804,-2.996,-3.058,-3.431,-2.568,-3.391,-3.014,-3.393
-3.531,-2.921,-3.387,-3.788,-3.718,-3.372,-3.28,-3.933,-3.941,-3.255,-3.245,-2.908,-1.856,-2.916,-3.07,-3.543,-2.512,-4.232,-2.478,-3.153,-3.901,-2.167,-2.699,-3.104,-3.393,-3.228,-3.261,-3.701,-3.637,-3.183,-3.84,-3.886,-2.968,-3.152,-3.214,-3.488,-2.838,-3.554,-3.151,-3.388
-3.549,-3.081,-3.448,-3.822,-3.748,-3.342,-3.413,-4.016,-4.021,-3.373,-3.368,-3.058,-1.984,-3.134,-3.167,-3.552,-2.63,-4.274,-3.834,-3.265,-3.923,-1.972,-2.823,-3.209,-3.486,-3.367,-3.396,-3.762,-3.711,-3.29,-3.879,-3.941,-3.094,-3.278,-3.336,-3.443,-3.009,-3.696,-3.252,-3.393
-3.574,-3.23,-3.477,-3.844,-3.761,-3.272,-3.52,-4.043,-4.064,-3.476,-3.468,-3.177,-2.114,-3.272,-3.282,-3.555,-2.721,-4.323,-3.936,-3.371,-3.931,-2.354,-2.938,-3.296,-3.625,-3.442,-3.474,-3.803,-3.786,-3.37,-3.915,-3.949,-3.241,-3.393,-3.453,-3.528,-3.125,-3.797,-3.338,-3.415
-3.618,-3.348,-3.528,-3.858,-3.8,-3.244,-3.621,-4.115,-4.132,-3.548,-3.546,-3.278,-2.213,-3.363,-3.381,-3.546,-2.799,-4.331,-3.985,-3.465,-3.985,-2.429,-3.035,-3.345,-3.728,-3.626,-3.666,-3.85,-3.83,-3.435,-3.913,-3.982,-3.365,-3.477,-3.537,-3.501,-3.176,-3.887,-3.412,-3.421
-3.662,-3.447,-3.573,-3.884,-3.853,-3.226,-3.694,-4.119,-4.151,-3.629,-3.627,-3.373,-2.28,-3.38,-3.423,-3.533,-2.847,-4.327,-4.023,-3.482,-4.033,-2.507,-3.095,-3.415,-3.317,-3.134,-3.152,-3.87,-3.815,-3.534,-3.912,-3.996,-3.434,-3.527,-3.58,-3.545,-3.296,-3.977,-3.473,-3.436
-3.678,-3.52,-3.589,-3.89,-3.897,-3.176,-3.756,-4.176,-4.208,-3.715,-3.713,-3.436,-2.34,-3.446,-3.455,-3.502,-2.902,-4.367,-4.082,-3.495,-4.039,-2.547,-3.137,-3.46,-3.881,-2.846,-2.829,-3.882,-3.827,-3.582,-3.9,-4.033,-3.492,-3.57,-3.615,-3.492,-3.374,-4.039,-3.51,-3.463
-3.662,-3.554,-3.555,-3.836,-3.881,-3.079,-3.902,-4.168,-4.211,-3.766,-3.771,-3.465,-2.378,-3.486,-3.507,-3.45,-2.924,-4.369,-4.101,-3.496,-4.071,-2.585,-3.168,-3.464,-2.757,-2.738,-2.766,-3.9,-3.849,-3.615,-3.916,-4.059,-3.546,-3.546,-3.613,-3.525,-3.44,-4.086,-3.519,-3.465
-3.65,-3.586,-3.598,-3.866,-3.839,-2.977,-3.945,-4.172,-4.205,-3.749,-3.769,-3.443,-2.399,-3.491,-3.531,-3.39,-2.937,-4.353,-4.095,-3.587,-4.102,-2.601,-3.176,-3.485,-3.69,-2.794,-2.791,-3.89,-3.87,-3.626,-3.916,-4.033,-3.573,-3.502,-3.582,-3.477,-3.492,-4.099,-3.505,-3.539
-3.661,-3.622,-3.611,-4.012,-3.898,-2.858,-4.003,-4.173,-4.212,-3.772,-3.79,-3.436,-2.416,-3.476,-3.509,-3.349,-2.962,-4.31,-4.068,-3.579,-4.051,-2.616,-3.163,-3.461,-3.258,-2.744,-2.729,-3.883,-3.857,-3.596,-3.906,-4.01,-3.566,-3.486,-3.553,-3.509,-3.474,-4.059,-3.531,-3.529
-3.642,-3.624,-3.554,-4.018,-3.885,-2.726,-4.077,-4.182,-4.21,-3.782,-3.796,-3.408,-2.423,-3.454,-3.493,-3.27,-2.934,-4.217,-4.005,-3.557,-4.021,-2.604,-3.13,-3.436,-3.156,-2.841,-2.822,-3.876,-3.856,-3.572,-3.866,-4.026,-3.534,-3.426,-3.495,-3.406,-3.517,-4.003,-3.489,-3.497
-3.621,-3.594,-3.537,-3.998,-3.837,-2.597,-4.046,-4.158,-4.186,-3.754,-3.776,-3.38,-2.421,-3.433,-3.48,-3.196,-2.912,-3.578,-3.016,-3.535,-4.029,-2.566,-3.096,-3.407,-2.506,-2.901,-2.899,-3.853,-3.6,-3.553,-3.865,-3.968,-3.464,-3.409,-3.484,-3.434,-3.521,-3.98,-3.42,-3.461
-3.606,-3.594,-3.537,-3.951,-3.831,-2.42,-4.015,-4.145,-4.185,-3.649,-3.679,-3.311,-2.39,-3.348,-3.379,-3.122,-2.888,-4.266,-2.542,-3.482,-3.971,-2.514,-3.058,-3.344,-2.719,-2.779,-2.743,-3.844,-3.614,-3.504,-3.836,-3.928,-3.38,-3.26,-3.33,-3.42,-3.493,-4.005,-3.384,-3.435
-3.569,-3.568,-3.46,-3.925,-3.773,-2.263,-3.958,-4.139,-4.188,-3.536,-3.548,-3.236,-2.33,-3.287,-3.234,-3.006,-2.803,-4.253,-2.489,-3.435,-3.948,-2.447,-3.016,-3.256,-3.231,-2.169,-2.187,-3.806,-3.757,-3.466,-3.8,-3.869,-3.299,-3.189,-3.261,-3.4,-3.433,-3.918,-3.355,-3.408
-3.513,-3.5,-2.916,-3.777,-3.666,-2.19,-3.88,-4.127,-4.164,-3.391,-3.401,-3.162,-2.263,-3.14,-3.104,-2.863,-2.702,-4.188,-3.08,-3.351,-3.977,-2.359,-2.921,-3.151,-2.999,-1.491,-1.488,-3.777,-3.721,-3.389,-3.733,-3.874,-3.192,-3.123,-3.19,-3.322,-3.358,-3.807,-3.251,-3.381
-3.534,-3.393,-2.799,-3.654,-3.555,-2.103,-3.758,-4.057,-4.099,-3.268,-3.281,-3.017,-2.17,-3.047,-3.016,-2.749,-2.613,-4.152,-3.457,-3.222,-3.993,-2.255,-2.819,-3.004,-2.587,-2.475,-2.457,-3.726,-3.63,-3.286,-3.661,-3.816,-3.083,-2.96,-3.03,-3.289,-3.264,-3.68,-3.099,-3.359
-3.468,-3.279,-2.993,-3.556,-3.515,-2.067,-3.59,-3.993,-4.014,-3.155,-3.17,-2.875,-2.03,-2.927,-2.856,-2.573,-2.501,-4.067,-3.307,-3.1,-3.903,-2.145,-2.68,-2.883,-3.233,-2.975,-2.959,-3.662,-3.521,-3.155,-3.598,-3.781,-2.939,-2.799,-2.872,-3.22,-3.164,-3.524,-2.913,-3.373
-3.387,-3.156,-3.003,-3.496,-3.403,-2.085,-3.426,-3.887,-3.915,-2.959,-2.971,-2.708,-1.867,-2.702,-2.645,-2.419,-2.369,-4.028,-3.139,-2.958,-3.805,-2.022,-2.519,-2.754,-2.806,-2.793,-2.829,-3.579,-3.345,-3.01,-3.535,-3.722,-2.78,-2.584,-2.652,-3.171,-3.041,-3.36,-2.722,-3.32
-3.296,-2.983,-2.916,-3.352,-3.249,-2.048,-3.215,-3.844,-3.866,-2.767,-2.789,-2.54,-1.75,-2.533,-2.487,-2.232,-2.23,-3.995,-2.929,-2.786,-3.722,-1.885,-2.363,-2.557,-2.717,-2.71,-2.747,-3.437,-3.044,-2.839,-3.447,-3.68,-2.595,-2.368,-2.433,-3.12,-2.899,-3.158,-2.521,-3.285
-3.164,-2.806,-2.823,-3.213,-3.134,-1.977,-2.936,-3.718,-3.734,-2.572,-2.593,-2.347,-1.626,-2.322,-2.333,-2.062,-2.069,-3.909,-2.651,-2.591,-3.652,-1.696,-2.205,-2.318,-2.445,-2.542,-2.564,-3.24,-2.688,-2.641,-3.378,-3.603,-2.394,-2.123,-2.182,-2.911,-2.723,-2.93,-2.3,-3.23
-2.882,-2.596,-2.687,-2.664,-2.966,-1.846,-2.793,-3.55,-3.538,-2.345,-2.368,-2.116,-1.472,-2.099,-2.058,-1.871,-1.868,-3.835,-2.33,-2.37,-3.601,-1.53,-1.995,-2.076,-2.192,-2.327,-2.344,-3.034,-2.282,-2.065,-3.23,-3.494,-2.113,-1.864,-1.906,-2.605,-2.533,-2.694,-2.035,-3.144
-2.614,-2.368,-2.455,-2.007,-2.773,-1.751,-2.542,-3.336,-3.334,-2.083,-2.104,-1.844,-1.268,-1.789,-1.817,-1.694,-1.665,-3.706,-1.995,-2.113,-3.465,-1.341,-1.751,-1.831,-1.919,-2.074,-2.086,-2.87,-1.845,-1.867,-3.056,-3.28,-1.783,-1.612,-1.65,-2.251,-2.326,-2.422,-1.818,-3.041
-2.542,-2.082,-2.213,-1.577,-2.54,-1.587,-2.137,-3.107,-3.111,-1.788,-1.806,-1.572,-0.918,-1.563,-1.563,-1.548,-1.451,-3.56,-1.65,-1.847,-3.255,-1.111,-1.502,-1.593,-1.696,-1.835,-1.841,-2.639,-1.404,-1.498,-2.838,-3.056,-1.483,-1.328,-1.359,-1.698,-2.084,-2.136,-1.517,-2.913
-2.295,-1.791,-1.429,-1.277,-2.314,-1.404,-1.761,-2.761,-2.763,-1.486,-1.498,-1.279,-0.488,-1.276,-1.266,-0.646,-1.225,-3.351,-1.267,-1.489,-3.064,-0.893,-1.241,-1.316,-1.388,-1.575,-1.575,-2.374,-0.961,-1.11,-2.577,-2.82,-1.192,-1.03,-1.073,-1.068,-1.809,-1.581,-1.209,-2.782
-1.783,-1.434,-0.958,-1.087,-1.965,-1.236,-1.415,-2.441,-2.438,-1.155,-1.196,-0.983,-0.243,-0.971,-0.981,-0.142,-0.988,-3.054,-0.848,-1.135,-2.789,-0.669,-0.97,-1.023,-1.09,-1.26,-1.256,-2.083,-0.618,-0.736,-2.251,-2.536,-0.832,-0.732,-0.775,-0.872,-1.514,-0.543,-0.817,-2.58
-1.43,-0.496,-0.775,-0.51,-1.418,-0.95,-0.833,-2.015,-1.932,-0.667,-0.698,-0.485,-0.183,-0.692,-0.697,-0.126,-0.743,-2.618,-0.506,-0.765,-2.439,-0.45,-0.685,-0.723,-0.793,-0.939,-0.931,-1.667,-0.775,-0.435,-1.681,-2.101,-0.476,-0.471,-0.506,-0.768,-1.171,-0.144,-0.367,-2.359
-1.079,-0.128,-0.293,-0.149,-0.852,-0.596,-0.173,-1.464,-0.823,-0.425,-0.418,-0.193,-0.138,-0.415,-0.477,-0.105,-0.502,-2.117,-0.261,-0.512,-1.992,-0.231,-0.429,-0.437,-0.424,-0.594,-0.583,-1.148,-0.484,-0.215,-0.11,-1.593,-0.23,-0.208,-0.24,-0.44,-0.828,-0.118,-0.199,-1.954
-0.581,-0.069,-0.04,-0.086,-0.116,-0.247,-0.103,-0.51,-0.127,-0.145,-0.114,-0.073,-0.082,-0.187,-0.252,-0.077,-0.208,-1.135,-0.111,-0.254,-1.121,-0.055,-0.221,-0.196,-0.133,-0.193,-0.196,-0.242,-0.153,-0.047,-0.046,-0.728,-0.093,-0.048,-0.074,-0.074,-0.451,-0.086,-0.144,-0.314
-0.047,-0.019,0.0,-0.02,-0.002,-0.049,-0.037,-0.035,-0.014,-0.03,-0.019,-0.023,-0.026,-0.037,-0.077,-0.041,-0.028,-0.269,-0.041,-0.057,-0.088,-0.01,-0.062,-0.03,-0.041,-0.032,-0.033,-0.013,-0.044,-0.016,-0.004,-0.008,-0.027,0.0,-0.006,-0.013,-0.129,-0.052,-0.052,-0.046
0.0,0.0,0.0,0.0,0.0,0.0,-0.001,0.0,0.0,0.0,0.0,0.0,0.0,0.0,-0.003,-0.008,-0.004,-0.005,-0.001,-0.008,-0.03,0.0,-0.002,-0.002,0.0,-0.002,-0.001,0.0,-0.011,0.0,0.0,0.0,-0.001,0.0,0.0,0.0,-0.011,-0.011,-0.011,-0.005
0.0,0.0,0.0,0.0,0.0,0.0,0.0,0.0,0.0,0.0,0.0,0.0,0.0,0.0,0.0,0.0,0.0,0.0,0.0,0.0,0.0,0.0,0.0,0.0,0.0,0.0,0.0,0.0,0.0,0.0,0.0,0.0,0.0,0.0,0.0,0.0,0.0,0.0,0.0,0.0
0.0,0.0,0.0,0.0,0.0,0.0,0.0,0.0,0.0,0.0,0.0,0.0,0.0,0.0,0.0,0.0,0.0,0.0,0.0,0.0,0.0,0.0,0.0,0.0,0.0,0.0,0.0,0.0,0.0,0.0,0.0,0.0,0.0,0.0,0.0,0.0,0.0,0.0,0.0,0.0
0.0,0.0,0.0,0.0,0.0,0.0,0.0,0.0,0.0,0.0,0.0,0.0,0.0,0.0,0.0,0.0,0.0,0.0,0.0,0.0,0.0,0.0,0.0,0.0,0.0,0.0,0.0,0.0,0.0,0.0,0.0,0.0,0.0,0.0,0.0,0.0,0.0,0.0,0.0,0.0
0.0,0.0,0.0,0.0,0.0,0.0,0.0,0.0,0.0,0.0,0.0,0.0,0.0,0.0,0.0,0.0,0.0,0.0,0.0,0.0,0.0,0.0,0.0,0.0,0.0,0.0,0.0,0.0,0.0,0.0,0.0,0.0,0.0,0.0,0.0,0.0,0.0,0.0,0.0,0.0
0.0,0.0,0.0,0.0,0.0,0.0,0.0,0.0,0.0,0.0,0.0,0.0,0.0,0.0,0.0,0.0,0.0,0.0,0.0,0.0,0.0,0.0,0.0,0.0,0.0,0.0,0.0,0.0,0.0,0.0,0.0,0.0,0.0,0.0,0.0,0.0,0.0,0.0,0.0,0.0
0.0,0.0,0.0,0.0,0.0,0.0,0.0,0.0,0.0,0.0,0.0,0.0,0.0,0.0,0.0,0.0,0.0,0.0,0.0,0.0,0.0,0.0,0.0,0.0,0.0,0.0,0.0,0.0,0.0,0.0,0.0,0.0,0.0,0.0,0.0,0.0,0.0,0.0,0.0,0.0
0.0,0.0,0.0,0.0,0.0,0.0,0.0,0.0,0.0,0.0,0.0,0.0,0.0,0.0,0.0,0.0,0.0,0.0,0.0,0.0,0.0,0.0,0.0,0.0,0.0,0.0,0.0,0.0,0.0,0.0,0.0,0.0,0.0,0.0,0.0,0.0,0.0,0.0,0.0,0.0
0.0,0.0,0.0,0.0,0.0,0.0,0.0,0.0,0.0,0.0,0.0,0.0,0.0,0.0,0.0,0.0,0.0,0.0,0.0,0.0,0.0,0.0,0.0,0.0,0.0,0.0,0.0,0.0,0.0,0.0,0.0,0.0,0.0,0.0,0.0,0.0,0.0,-0.001,0.0,0.0
0.0,0.0,0.0,0.0,0.0,0.0,0.0,0.0,0.0,0.0,0.0,0.0,0.0,0.0,0.0,0.0,0.0,0.0,0.0,0.0,0.0,0.0,0.0,0.0,0.0,0.0,0.0,0.0,0.0,0.0,0.0,0.0,0.0,0.0,0.0,0.0,0.0,0.0,0.0,0.0
0.0,0.0,0.0,0.0,0.0,0.0,0.0,0.0,0.0,0.0,0.0,0.0,0.0,0.0,0.0,0.0,0.0,0.0,0.0,0.0,0.0,0.0,0.0,0.0,0.0,0.0,0.0,0.0,0.0,0.0,0.0,0.0,0.0,0.0,0.0,0.0,0.0,0.0,0.0,0.0
0.0,0.0,0.0,0.0,0.0,0.0,0.0,0.0,0.0,0.0,0.0,0.0,0.0,0.0,0.0,0.0,0.0,0.0,0.0,0.0,0.0,0.0,0.0,0.0,0.0,0.0,0.0,0.0,0.0,0.0,0.0,0.0,0.0,0.0,0.0,0.0,0.0,0.0,0.0,0.0
0.0,0.0,0.0,0.0,0.0,0.0,0.0,0.0,0.0,0.0,0.0,0.0,0.0,0.0,0.0,0.0,0.0,0.0,0.0,0.0,0.0,0.0,0.0,0.0,0.0,0.0,0.0,0.0,0.0,0.0,0.0,0.0,0.0,0.0,0.0,0.0,0.0,0.0,0.0,0.0
0.0,0.0,0.0,0.0,0.0,0.0,0.0,0.0,0.0,0.0,0.0,0.0,0.0,0.0,0.0,0.0,0.0,0.0,0.0,0.0,0.0,0.0,0.0,0.0,0.0,0.0,0.0,0.0,0.0,0.0,0.0,0.0,0.0,0.0,0.0,0.0,0.0,0.0,0.0,0.0
0.0,0.0,0.0,0.0,0.0,0.0,0.0,0.0,0.0,0.0,0.0,0.0,0.0,0.0,0.0,0.0,0.0,0.0,0.0,0.0,0.0,0.0,0.0,0.0,0.0,0.0,0.0,0.0,0.0,0.0,0.0,0.0,0.0,0.0,0.0,0.0,0.0,0.0,0.0,0.0
0.0,0.0,0.0,0.0,0.0,0.0,0.0,0.0,0.0,0.0,0.0,0.0,0.0,0.0,0.0,0.0,0.0,0.0,0.0,0.0,0.0,0.0,0.0,0.0,0.0,0.0,0.0,0.0,0.0,0.0,0.0,0.0,0.0,0.0,0.0,0.0,0.0,0.0,0.0,0.0
0.0,0.0,0.0,0.0,0.0,0.0,0.0,0.0,0.0,0.0,0.0,0.0,0.0,0.0,0.0,0.0,0.0,0.0,0.0,0.0,0.0,0.0,0.0,0.0,0.0,0.0,0.0,0.0,0.0,0.0,0.0,0.0,0.0,0.0,0.0,0.0,0.0,0.0,0.0,0.0
0.0,0.0,0.0,0.0,0.0,0.0,0.0,0.0,0.0,0.0,0.0,0.0,0.0,0.0,0.0,0.0,0.0,0.0,0.0,0.0,0.0,0.0,0.0,0.0,0.0,0.0,0.0,0.0,0.0,0.0,0.0,0.0,0.0,0.0,0.0,0.0,0.0,0.0,0.0,0.0
0.0,0.0,0.0,0.0,0.0,0.0,0.0,0.0,0.0,0.0,0.0,0.0,0.0,0.0,0.0,0.0,0.0,0.0,0.0,0.0,0.0,0.0,0.0,0.0,0.0,0.0,0.0,0.0,0.0,0.0,0.0,0.0,0.0,0.0,0.0,0.0,0.0,0.0,0.0,0.0
0.0,0.0,0.0,0.0,0.0,0.0,0.0,0.0,0.0,0.0,0.0,0.0,0.0,0.0,0.0,0.0,0.0,0.0,0.0,0.0,0.0,0.0,0.0,0.0,0.0,0.0,0.0,0.0,0.0,0.0,0.0,0.0,0.0,0.0,0.0,0.0,0.0,0.0,0.0,0.0
0.0,0.0,0.0,0.0,0.0,0.0,0.0,0.0,0.0,0.0,0.0,0.0,0.0,0.0,0.0,0.0,0.0,0.0,0.0,0.0,0.0,0.0,0.0,0.0,0.0,0.0,0.0,0.0,0.0,0.0,0.0,0.0,0.0,0.0,0.0,0.0,0.0,0.0,0.0,0.0
0.0,0.0,0.0,0.0,0.0,0.0,0.0,0.0,0.0,0.0,0.0,0.0,0.0,0.0,0.0,0.0,0.0,0.0,0.0,0.0,0.0,0.0,0.0,0.0,0.0,0.0,0.0,0.0,0.0,0.0,0.0,0.0,0.0,0.0,0.0,0.0,0.0,0.0,0.0,0.0
0.0,0.0,0.0,0.0,0.0,0.0,0.0,0.0,0.0,0.0,0.0,0.0,0.0,0.0,0.0,0.0,0.0,0.0,0.0,0.0,0.0,0.0,0.0,0.0,0.0,0.0,0.0,0.0,0.0,0.0,0.0,0.0,0.0,0.0,0.0,0.0,0.0,0.0,0.0,0.0
0.0,0.0,0.0,0.0,0.0,0.0,0.0,0.0,0.0,0.0,0.0,0.0,0.0,0.0,0.0,0.0,0.0,0.0,0.0,0.0,0.0,0.0,0.0,0.0,0.0,0.0,0.0,0.0,0.0,0.0,0.0,0.0,0.0,0.0,0.0,0.0,-0.001,0.0,0.0,0.0
0.0,0.0,0.0,0.0,0.0,0.0,0.0,0.0,0.0,0.0,0.0,0.0,0.0,0.0,0.0,0.0,0.0,0.0,0.0,0.0,0.0,0.0,0.0,0.0,0.0,0.0,0.0,0.0,0.0,0.0,0.0,0.0,0.0,0.0,0.0,0.0,0.0,0.0,0.0,0.0
0.0,0.0,0.0,0.0,0.0,0.0,0.0,0.0,0.0,0.0,0.0,0.0,0.0,0.0,0.0,0.0,0.0,0.0,0.0,0.0,0.0,0.0,0.0,0.0,0.0,0.0,0.0,0.0,0.0,0.0,0.0,0.0,0.0,0.0,0.0,0.0,0.0,0.0,0.0,0.0
0.0,0.0,0.0,0.0,0.0,0.0,0.0,0.0,0.0,0.0,0.0,0.0,0.0,0.0,0.0,0.0,0.0,0.0,0.0,0.0,0.0,0.0,0.0,0.0,0.0,0.0,0.0,0.0,0.0,0.0,0.0,0.0,0.0,0.0,0.0,0.0,0.0,0.0,0.0,0.0
0.0,0.0,0.0,0.0,0.0,0.0,0.0,0.0,0.0,0.0,0.0,0.0,0.0,0.0,0.0,0.0,0.0,0.0,0.0,0.0,0.0,0.0,0.0,0.0,0.0,0.0,0.0,0.0,0.0,0.0,0.0,0.0,0.0,0.0,0.0,0.0,0.0,0.0,0.0,0.0
0.0,0.0,0.0,0.0,0.0,0.0,0.0,0.0,0.0,0.0,0.0,0.0,0.0,0.0,0.0,0.0,0.0,0.0,0.0,0.0,0.0,0.0,0.0,0.0,0.0,0.0,0.0,0.0,0.0,0.0,0.0,0.0,0.0,0.0,0.0,0.0,0.0,0.0,0.0,0.0
0.0,0.0,0.0,0.0,0.0,0.0,0.0,0.0,0.0,0.0,0.0,0.0,0.0,0.0,0.0,0.0,0.0,0.0,0.0,0.0,0.0,0.0,0.0,0.0,0.0,0.0,0.0,0.0,0.0,0.0,0.0,0.0,0.0,0.0,0.0,0.0,0.0,0.0,0.0,0.0
0.0,0.0,0.0,0.0,0.0,0.0,0.0,0.0,0.0,0.0,0.0,0.0,0.0,0.0,0.0,0.0,0.0,0.0,0.0,0.0,0.0,0.0,0.0,0.0,0.0,0.0,0.0,0.0,0.0,0.0,0.0,0.0,0.0,0.0,0.0,0.0,0.0,0.0,0.0,0.0
0.0,0.0,0.0,0.0,0.0,0.0,0.0,0.0,0.0,0.0,0.0,0.0,0.0,0.0,0.0,0.0,0.0,0.0,0.0,0.0,0.0,0.0,0.0,0.0,0.0,0.0,0.0,0.0,0.0,0.0,0.0,0.0,0.0,0.0,0.0,0.0,0.0,0.0,0.0,0.0
0.0,0.0,0.0,0.0,0.0,0.0,0.0,0.0,0.0,0.0,0.0,0.0,0.0,0.0,0.0,0.0,0.0,0.0,0.0,0.0,0.0,0.0,0.0,0.0,0.0,0.0,0.0,0.0,0.0,0.0,0.0,0.0,0.0,0.0,0.0,0.0,0.0,0.0,0.0,0.0
0.0,0.0,0.0,0.0,0.0,0.0,0.0,0.0,0.0,0.0,0.0,0.0,0.0,0.0,0.0,0.0,0.0,0.0,0.0,0.0,0.0,0.0,0.0,0.0,0.0,0.0,0.0,0.0,0.0,0.0,0.0,0.0,0.0,0.0,0.0,0.0,0.0,0.0,0.0,0.0
0.0,0.0,0.0,0.0,0.0,0.0,0.0,0.0,0.0,0.0,0.0,0.0,0.0,0.0,0.0,0.0,0.0,0.0,0.0,0.0,0.0,0.0,0.0,0.0,0.0,0.0,0.0,0.0,0.0,0.0,0.0,0.0,0.0,0.0,0.0,0.0,0.0,0.0,0.0,0.0
0.0,0.0,0.0,0.0,0.0,0.0,0.0,0.0,0.0,0.0,0.0,0.0,0.0,0.0,0.0,0.0,0.0,0.0,0.0,0.0,0.0,0.0,0.0,0.0,0.0,0.0,0.0,0.0,0.0,0.0,0.0,0.0,0.0,0.0,0.0,0.0,0.0,0.0,0.0,0.0
0.0,0.0,0.0,0.0,0.0,0.0,0.0,0.0,0.0,0.0,0.0,0.0,0.0,0.0,0.0,0.0,0.0,0.0,0.0,0.0,0.0,0.0,0.0,0.0,0.0,0.0,0.0,0.0,0.0,0.0,0.0,0.0,0.0,0.0,0.0,0.0,0.0,0.0,0.0,0.0
0.0,0.0,0.0,0.0,0.0,0.0,0.0,0.0,0.0,0.0,0.0,0.0,0.0,0.0,0.0,0.0,0.0,0.0,0.0,0.0,0.0,0.0,0.0,0.0,0.0,0.0,0.0,0.0,0.0,0.0,0.0,0.0,0.0,0.0,0.0,0.0,0.0,0.0,0.0,0.0
0.0,0.0,0.0,0.0,0.0,0.0,0.0,0.0,0.0,0.0,0.0,0.0,0.0,0.0,0.0,0.0,0.0,0.0,0.0,0.0,0.0,0.0,0.0,0.0,0.0,0.0,0.0,0.0,0.0,0.0,0.0,0.0,0.0,0.0,0.0,0.0,0.0,0.0,0.0,0.0
0.0,0.0,0.0,0.0,0.0,0.0,0.0,0.0,0.0,0.0,0.0,0.0,0.0,0.0,0.0,0.0,0.0,0.0,0.0,0.0,0.0,0.0,0.0,0.0,0.0,0.0,0.0,0.0,0.0,0.0,0.0,0.0,0.0,0.0,0.0,0.0,0.0,0.0,0.0,0.0
0.0,0.0,0.0,0.0,0.0,0.0,0.0,0.0,0.0,0.0,0.0,0.0,0.0,0.0,0.0,0.0,0.0,0.0,0.0,0.0,0.0,0.0,0.0,0.0,0.0,0.0,0.0,0.0,0.0,0.0,0.0,0.0,0.0,0.0,0.0,0.0,0.0,0.0,0.0,0.0
0.0,0.0,0.0,0.0,0.0,0.0,0.0,0.0,0.0,0.0,0.0,0.0,0.0,0.0,0.0,0.0,0.0,0.0,0.0,0.0,0.0,0.0,0.0,0.0,0.0,0.0,0.0,0.0,0.0,0.0,0.0,0.0,0.0,0.0,0.0,0.0,0.0,0.0,0.0,0.0
0.0,0.0,0.0,0.0,0.0,0.0,0.0,0.0,0.0,0.0,0.0,0.0,0.0,0.0,0.0,0.0,0.0,0.0,0.0,0.0,0.0,0.0,0.0,0.0,0.0,0.0,0.0,0.0,0.0,0.0,0.0,0.0,0.0,0.0,0.0,0.0,0.0,0.0,0.0,0.0
0.0,0.0,0.0,0.0,0.0,0.0,0.0,0.0,0.0,0.0,0.0,0.0,0.0,0.0,0.0,0.0,0.0,0.0,0.0,0.0,0.0,0.0,0.0,0.0,0.0,0.0,0.0,0.0,0.0,0.0,0.0,0.0,0.0,0.0,0.0,0.0,0.0,0.0,0.0,0.0
0.0,0.0,0.0,0.0,0.0,0.0,0.0,0.0,0.0,0.0,0.0,0.0,0.0,0.0,0.0,0.0,0.0,0.0,0.0,0.0,0.0,0.0,0.0,0.0,0.0,0.0,0.0,0.0,0.0,0.0,0.0,0.0,0.0,0.0,0.0,0.0,0.0,0.0,0.0,0.0
0.0,0.0,0.0,0.0,0.0,0.0,0.0,0.0,0.0,0.0,0.0,0.0,0.0,0.0,0.0,0.0,0.0,0.0,0.0,0.0,0.0,0.0,0.0,0.0,0.0,0.0,0.0,0.0,0.0,0.0,0.0,0.0,0.0,0.0,0.0,0.0,0.0,0.0,0.0,0.0
0.0,0.0,0.0,0.0,0.0,0.0,0.0,0.0,0.0,0.0,0.0,0.0,0.0,0.0,0.0,0.0,0.0,0.0,0.0,0.0,0.0,0.0,0.0,0.0,0.0,0.0,0.0,0.0,0.0,0.0,0.0,0.0,0.0,0.0,0.0,0.0,0.0,0.0,0.0,0.0
0.0,0.0,0.0,0.0,0.0,0.0,0.0,0.0,0.0,0.0,0.0,0.0,0.0,0.0,0.0,0.0,0.0,0.0,0.0,0.0,0.0,0.0,0.0,0.0,0.0,0.0,0.0,0.0,0.0,0.0,0.0,0.0,0.0,0.0,0.0,0.0,0.0,0.0,0.0,0.0
0.0,0.0,0.0,0.0,0.0,0.0,0.0,0.0,0.0,0.0,0.0,0.0,0.0,0.0,0.0,0.0,0.0,0.0,0.0,0.0,0.0,0.0,0.0,0.0,0.0,0.0,0.0,0.0,0.0,0.0,0.0,0.0,0.0,0.0,0.0,0.0,0.0,0.0,0.0,0.0
0.0,0.0,0.0,0.0,0.0,0.0,0.0,0.0,0.0,0.0,0.0,0.0,0.0,0.0,0.0,0.0,0.0,0.0,0.0,0.0,0.0,0.0,0.0,0.0,0.0,0.0,0.0,0.0,0.0,0.0,0.0,0.0,0.0,0.0,0.0,0.0,0.0,0.0,0.0,0.0
0.0,0.0,0.0,0.0,0.0,0.0,0.0,0.0,0.0,0.0,0.0,0.0,0.0,0.0,0.0,0.0,0.0,0.0,0.0,0.0,0.0,0.0,0.0,0.0,0.0,0.0,0.0,0.0,0.0,0.0,0.0,0.0,0.0,0.0,0.0,0.0,0.0,0.0,0.0,0.0
0.0,0.0,0.0,0.0,0.0,0.0,0.0,0.0,0.0,0.0,0.0,0.0,0.0,0.0,0.0,0.0,0.0,0.0,0.0,0.0,0.0,0.0,0.0,0.0,0.0,0.0,0.0,0.0,0.0,0.0,0.0,0.0,0.0,0.0,0.0,0.0,0.0,0.0,0.0,0.0
0.0,0.0,0.0,0.0,0.0,0.0,0.0,0.0,0.0,0.0,0.0,0.0,0.0,0.0,0.0,0.0,0.0,0.0,0.0,0.0,0.0,0.0,0.0,0.0,0.0,0.0,0.0,0.0,0.0,0.0,0.0,0.0,0.0,0.0,0.0,0.0,0.0,0.0,0.0,0.0
0.0,0.0,0.0,0.0,0.0,0.0,0.0,0.0,0.0,0.0,0.0,0.0,0.0,0.0,0.0,0.0,0.0,0.0,0.0,0.0,0.0,0.0,0.0,0.0,0.0,0.0,0.0,0.0,0.0,0.0,0.0,0.0,0.0,0.0,0.0,0.0,0.0,0.0,0.0,0.0
0.0,0.0,0.0,0.0,0.0,0.0,0.0,0.0,0.0,0.0,0.0,0.0,0.0,0.0,0.0,0.0,0.0,0.0,0.0,0.0,0.0,0.0,0.0,0.0,0.0,0.0,0.0,0.0,0.0,0.0,0.0,0.0,0.0,0.0,0.0,0.0,0.0,0.0,0.0,0.0
0.0,-0.001,0.0,-0.003,0.0,0.0,-0.003,0.0,0.0,0.0,0.0,0.0,-0.002,-0.003,0.0,-0.004,0.0,-0.007,-0.016,0.0,-0.001,0.0,0.0,0.0,-0.022,-0.011,-0.012,-0.001,-0.004,0.0,0.0,0.0,-0.001,0.0,0.0,-0.006,0.0,-0.001,0.0,0.0
-0.007,-0.032,-0.016,-0.049,-0.056,-0.046,-0.05,-0.011,-0.002,-0.045,-0.037,-0.044,-0.046,-0.044,-0.005,-0.046,-0.013,-0.183,-0.078,-0.04,-0.107,0.0,-0.047,-0.087,-0.095,-0.134,-0.123,-0.031,-0.06,-0.017,-0.272,-0.005,-0.046,-0.091,-0.152,-0.243,-0.021,-0.08,-0.023,0.0
-0.525,-0.112,-0.136,-0.205,-0.629,-0.122,-0.114,-0.898,-0.951,-0.172,-0.185,-0.201,-0.122,-0.125,-0.125,-0.321,-0.192,-1.182,-0.158,-0.437,-1.346,-0.013,-0.146,-0.314,-0.209,-0.353,-0.353,-0.358,-0.171,-0.069,-0.995,-0.034,-0.218,-0.272,-0.392,-0.575,-0.128,-0.363,-0.167,-0.009
-1.137,-0.181,-0.728,-0.528,-1.193,-0.802,-0.339,-1.903,-1.864,-0.377,-0.405,-0.504,-0.157,-0.276,-0.292,-1.167,-0.477,-1.994,-0.228,-0.828,-1.959,-0.055,-0.444,-0.644,-0.648,-0.655,-0.655,-1.333,-0.298,-0.117,-1.502,-0.083,-0.445,-0.513,-0.767,-0.998,-0.309,-0.708,-0.47,-0.033
-1.586,-0.416,-0.99,-1.084,-2.102,-1.482,-0.905,-2.432,-2.397,-0.564,-0.73,-0.912,0.0,-0.607,-0.428,-1.625,-0.727,-2.695,-0.422,-1.166,-2.201,-0.095,-0.769,-1.011,-1.17,-0.971,-0.975,-2.101,-0.43,-0.204,-2.07,-1.181,-0.683,-0.89,-1.104,-1.116,-0.528,-1.001,-0.859,-0.056
-2.013,-0.705,-1.3,-1.448,-2.523,-1.918,-1.404,-2.848,-2.82,-1.118,-1.191,-1.231,-0.26,-1.151,-0.49,-1.865,-0.968,-3.117,-1.477,-1.463,-2.524,-0.447,-1.063,-1.337,-1.472,-1.275,-1.279,-2.571,-0.546,-0.602,-2.545,-2.252,-0.956,-1.236,-1.389,-1.735,-0.775,-1.371,-1.286,-0.071
-2.305,-1.142,-2.291,-1.622,-2.845,-2.427,-1.764,-3.124,-3.106,-1.688,-1.673,-1.523,0.0,-1.485,-0.883,-2.416,-1.196,-3.383,-2.088,-1.806,-3.01,-0.916,-1.304,-1.617,-1.752,-1.574,-1.581,-2.883,-0.973,-1.169,-2.917,-2.671,-1.213,-1.618,-1.724,-1.852,-1.011,-1.726,-1.721,-0.085
-2.501,-1.535,-2.716,-2.381,-3.054,-3.056,-2.078,-3.35,-3.344,-2.01,-2.002,-1.802,0.0,-1.743,-1.326,-2.744,-1.435,-3.595,-2.394,-2.08,-3.449,-1.115,-1.548,-1.901,-2.08,-1.831,-1.842,-3.08,-2.717,-1.677,-3.313,-3.241,-1.546,-1.939,-2.02,-2.277,-1.325,-2.105,-2.054,-0.097
-2.603,-1.838,-2.878,-3.276,-3.269,-3.315,-2.379,-3.568,-3.565,-2.294,-2.287,-2.058,0.0,-1.997,-2.042,-3.037,-1.663,-3.789,-2.633,-2.351,-3.589,-1.349,-1.801,-2.171,-2.305,-2.095,-2.114,-3.264,-3.096,-2.177,-3.444,-3.499,-1.862,-2.203,-2.281,-2.596,-1.59,-2.41,-2.32,-0.112
-3.137,-2.118,-2.914,-3.459,-3.419,-3.403,-2.624,-3.753,-3.76,-2.554,-2.548,-2.288,0.0,-2.229,-2.351,-3.191,-1.867,-3.897,-2.869,-2.516,-3.703,-1.564,-2.044,-2.393,-2.519,-2.314,-2.343,-3.417,-3.227,-2.476,-3.55,-3.624,-2.149,-2.444,-2.513,-2.943,-1.809,-2.648,-2.518,-0.121
-3.29,-2.357,-2.885,-3.596,-3.566,-3.519,-2.887,-3.904,-3.903,-2.789,-2.78,-2.484,0.0,-2.424,-2.548,-3.268,-2.047,-3.984,-3.058,-2.591,-3.801,-1.743,-2.243,-2.595,-2.718,-2.454,-2.479,-3.542,-3.329,-2.707,-3.671,-3.737,-2.428,-2.651,-2.718,-3.117,-2.024,-2.894,-2.691,-2.319
-3.38,-2.598,-2.709,-3.704,-3.647,-3.626,-3.148,-3.98,-4.003,-3.026,-3.014,-2.671,0.0,-2.621,-2.738,-3.403,-2.205,-4.065,-3.237,-1.981,-3.85,-1.879,-2.446,-2.782,-2.901,-2.603,-2.629,-3.648,-3.5,-2.905,-3.745,-3.818,-2.68,-2.808,-2.858,-3.298,-2.278,-3.09,-2.858,-3.439
-3.462,-2.796,-3.39,-3.774,-3.712,-3.577,-3.371,-4.084,-4.105,-3.214,-3.203,-2.857,0.0,-2.825,-2.929,-3.496,-2.354,-4.153,-3.398,-2.825,-2.214,-2.006,-2.614,-2.954,-3.067,-2.781,-2.809,-3.725,-3.621,-3.044,-3.807,-3.885,-2.895,-2.924,-2.992,-3.303,-2.542,-3.29,-3.006,-3.389
-3.558,-2.997,-3.499,-3.838,-3.814,-3.47,-3.509,-4.049,-4.095,-3.397,-3.391,-3.024,0.0,-2.984,-3.095,-3.558,-2.489,-4.166,-3.529,-2.769,-3.885,-2.132,-2.17,-3.116,-3.213,-3.016,-3.05,-3.759,-3.693,-3.203,-3.866,-3.949,-3.071,-3.037,-3.099,-3.4,-2.795,-3.459,-3.13,-3.388
-3.59,-3.154,-3.537,-3.911,-3.835,-3.45,-3.709,-3.907,-3.966,-3.568,-3.562,-3.188,0.0,-3.085,-3.214,-3.577,-2.605,-4.198,-3.63,-2.967,-3.948,-2.232,-2.864,-3.213,-3.312,-3.158,-3.189,-3.787,-3.758,-3.342,-3.928,-3.981,-3.215,-3.16,-3.22,-3.377,-2.971,-3.598,-3.231,-3.399
-3.68,-3.299,-3.564,-3.971,-3.882,-3.353,-3.831,-3.72,-3.804,-3.66,-3.647,-3.313,-1.616,-3.183,-3.317,-3.58,-2.706,-4.268,-3.759,-3.214,-1.921,-2.427,-2.982,-3.302,-3.384,-3.264,-3.299,-3.821,-3.792,-3.435,-3.962,-4.0,-3.308,-3.277,-3.321,-3.446,-3.101,-3.711,-3.34,-3.415
-3.705,-3.391,-3.583,-3.948,-3.892,-3.298,-3.895,-3.795,-3.863,-3.796,-3.788,-3.45,-2.229,-3.28,-3.427,-3.583,-2.802,-4.327,-3.843,-3.192,-4.03,-2.869,-3.084,-3.379,-3.473,-3.31,-3.336,-3.848,-3.818,-3.583,-4.004,-4.012,-3.403,-3.358,-3.411,-3.392,-3.203,-3.803,-3.452,-3.438
-3.696,-3.492,-3.603,-3.934,-3.901,-3.246,-3.925,-3.826,-3.931,-3.933,-3.929,-3.531,-2.314,-3.349,-3.52,-3.611,-2.888,-4.34,-3.877,-3.464,-4.055,-2.931,-3.151,-3.453,-3.538,-3.417,-3.45,-3.858,-3.801,-3.714,-3.979,-4.03,-3.484,-3.392,-3.462,-3.471,-3.281,-3.88,-3.52,-3.431
-3.707,-3.546,-3.647,-4.017,-3.924,-3.192,-4.019,-3.85,-3.922,-4.012,-4.01,-3.563,-2.388,-3.432,-3.585,-3.586,-2.944,-4.322,-3.9,-3.524,-3.968,-3.009,-3.189,-3.488,-3.566,-3.484,-3.519,-3.9,-3.797,-3.832,-3.991,-4.006,-3.509,-3.45,-3.524,-3.423,-3.34,-3.945,-3.572,-3.45
-3.704,-3.603,-3.668,-4.102,-3.94,-3.136,-4.1,-3.862,-3.945,-4.064,-4.065,-3.621,-2.434,-3.455,-3.612,-3.548,-2.964,-4.294,-3.908,-3.549,-3.964,-3.041,-3.223,-3.525,-3.648,-3.505,-3.532,-3.892,-3.841,-3.839,-4.148,-4.012,-3.542,-3.485,-3.554,-3.434,-3.398,-3.991,-3.584,-3.461
-3.677,-3.624,-3.74,-4.11,-3.961,-3.047,-4.133,-3.836,-3.91,-4.061,-4.066,-3.636,-1.222,-3.503,-3.624,-3.488,-2.983,-4.312,-3.975,-3.535,-4.013,-3.062,-3.254,-3.515,-3.648,-3.552,-3.583,-3.874,-3.879,-3.867,-4.164,-4.022,-3.57,-3.479,-3.559,-3.39,-3.429,-3.997,-3.571,-3.455
-3.675,-3.661,-3.837,-4.178,-4.099,-2.843,-4.124,-3.826,-3.912,-4.027,-4.032,-3.617,0.0,-3.496,-3.63,-3.459,-2.999,-4.31,-3.932,-3.583,-3.998,-3.097,-3.224,-3.415,-3.591,-3.564,-3.597,-3.843,-3.84,-3.894,-4.148,-4.041,-3.564,-3.414,-3.494,-3.472,-3.461,-3.991,-3.542,-3.464
-3.67,-3.652,-3.875,-4.239,-4.118,-2.756,-4.06,-3.805,-3.892,-4.026,-4.038,-3.58,0.0,-3.49,-3.609,-3.359,-2.973,-4.271,-3.918,-3.563,-3.967,-3.061,-2.851,-3.439,-3.505,-3.502,-3.539,-3.866,-3.843,-3.828,-2.351,-3.988,-3.525,-3.366,-3.435,-3.378,-3.462,-3.974,-3.528,-3.44
-3.661,-3.619,-3.817,-4.212,-4.064,-2.602,-4.097,-3.701,-3.806,-3.915,-3.931,-3.459,0.0,-3.441,-3.552,-3.271,-2.935,-4.292,-3.861,-3.546,-3.938,-3.018,-3.15,-3.419,-3.492,-3.473,-3.503,-3.84,-3.764,-3.743,-2.824,-3.963,-3.504,-3.259,-3.362,-3.346,-3.438,-3.959,-3.472,-3.471
-3.682,-3.599,-3.858,-4.14,-4.074,-2.503,-3.954,-3.645,-3.728,-3.675,-3.694,-3.083,0.0,-3.403,-3.416,-3.17,-2.874,-4.283,-3.785,-3.485,-3.982,-2.947,-3.093,-3.403,-3.442,-3.388,-3.41,-3.763,-3.721,-3.587,-2.167,-3.956,-3.415,-3.167,-3.244,-3.343,-3.405,-3.949,-3.4,-3.5
-3.686,-3.5,-3.84,-4.139,-4.116,-2.214,-3.977,-3.519,-3.604,-3.239,-3.258,-2.901,-1.479,-3.318,-3.267,-3.05,-2.8,-4.261,-3.704,-3.386,-3.936,-2.865,-2.999,-3.33,-3.343,-3.378,-3.412,-3.582,-3.632,-3.713,-2.976,-3.937,-3.286,-3.13,-3.188,-3.352,-3.341,-3.891,-3.353,-3.479
-3.45,-3.045,-2.805,-3.802,-3.645,-2.077,-3.686,-3.167,-3.173,-2.84,-2.857,-2.65,-2.328,-3.226,-3.147,-2.915,-2.716,-4.211,-3.584,-3.278,-3.902,-2.79,-2.91,-3.202,-3.285,-3.229,-3.255,-3.717,-3.338,-3.385,-3.721,-3.563,-2.904,-2.934,-2.957,-3.035,-3.279,-3.784,-3.222,-3.431
-3.155,-3.159,-2.324,-3.032,-2.978,-1.93,-3.436,-3.183,-3.229,-3.102,-3.126,-2.408,-2.259,-3.139,-3.016,-2.773,-2.611,-4.194,-3.429,-3.162,-3.864,-2.675,-2.798,-3.078,-3.107,-3.1,-3.122,-3.773,-3.391,-3.496,-3.865,-3.469,-3.061,-2.883,-2.968,-2.721,-3.197,-3.618,-3.101,-3.327
-3.564,-3.352,-3.301,-3.93,-3.797,-1.54,-3.19,-3.87,-3.903,-3.212,-3.228,-2.824,-1.981,-3.078,-2.83,-2.607,-2.492,-4.184,-3.257,-3.05,-3.806,-2.551,-2.67,-2.947,-2.974,-3.001,-3.022,-3.583,-3.226,-3.463,-3.737,-3.157,-2.382,-2.642,-2.705,-1.938,-3.1,-3.449,-2.911,-3.236
-2.662,-2.234,-2.855,-3.272,-3.127,-0.964,-1.983,-2.285,-2.291,-1.835,-1.84,-1.839,-2.142,-2.568,-2.589,-2.436,-2.345,-4.184,-3.044,-2.934,-3.702,-2.398,-2.519,-2.81,-2.852,-2.843,-2.871,-3.585,-2.885,-1.712,-2.185,-2.739,-2.211,-2.284,-2.368,-1.579,-2.963,-3.282,-2.559,-3.291
-2.903,-1.715,-1.427,-1.807,-1.565,-0.901,-1.391,-1.846,-1.85,-2.283,-2.294,-1.401,-1.617,-2.722,-2.417,-2.256,-2.217,-4.024,-2.807,-2.744,-3.735,-2.217,-2.365,-2.573,-2.618,-2.696,-2.719,-1.332,-1.663,-1.044,-1.071,-1.578,-2.61,-2.196,-2.266,-1.225,-2.799,-3.083,-2.368,-3.117
-1.16,-1.101,-1.102,-1.19,-1.234,-1.689,-1.335,-1.93,-1.919,-0.826,-0.82,-1.544,-1.903,-2.35,-2.148,-2.071,-2.033,-3.937,-2.56,-2.561,-3.669,-2.001,-2.169,-2.231,-2.365,-2.464,-2.483,-1.641,-1.425,-1.527,-1.517,-1.189,-1.365,-1.518,-1.563,-2.034,-2.625,-2.87,-2.374,-3.19
-0.903,-0.978,-2.008,-1.857,-2.227,-1.135,-1.681,-1.563,-1.576,-1.436,-1.439,-1.162,-0.86,-2.006,-1.942,-1.874,-1.844,-3.836,-2.26,-2.344,-3.559,-1.758,-2.027,-1.846,-2.126,-2.221,-2.233,-1.014,-0.941,-1.42,-1.464,-0.934,-1.836,-0.953,-0.997,-1.537,-2.409,-2.621,-2.109,-2.877
-0.76,-0.862,-0.612,-0.67,-0.697,-0.435,-0.769,-1.514,-1.439,-0.882,-0.879,-1.034,-0.739,-0.976,-1.792,-1.702,-1.644,-3.7,-1.941,-2.1,-3.384,-1.497,-1.835,-0.94,-1.866,-1.938,-1.942,-0.744,-0.763,-0.748,-0.895,-0.735,-0.726,-0.853,-0.906,-0.476,-2.223,-2.337,-1.54,-2.904
-0.478,-0.479,-0.665,-0.693,-0.893,-1.353,-0.596,-0.624,-0.617,-0.412,-0.406,-0.519,-0.694,-0.452,-1.532,-1.542,-1.409,-3.5,-1.598,-1.805,-3.205,-1.246,-1.063,-1.02,-1.588,-1.675,-1.672,-0.586,-0.569,-0.958,-1.512,-1.375,-0.699,-0.597,-0.635,-0.396,-1.964,-2.058,-0.679,-2.437
-0.302,-0.623,-0.179,-0.343,-0.333,-1.349,-1.195,-1.329,-1.358,-1.0,-1.004,-0.893,-0.418,-0.477,-1.224,-0.641,-1.183,-3.287,-1.229,-1.457,-2.984,-0.948,-1.263,-1.518,-1.3,-1.402,-1.403,-0.731,-0.59,-0.261,-0.337,-0.371,-0.47,-0.464,-0.499,-0.786,-1.495,-1.483,-0.539,-1.102
-0.682,-0.169,-0.308,-0.43,-0.678,-0.732,-1.397,-1.339,-1.477,-1.296,-1.366,-0.987,-0.228,-0.515,-0.966,-0.155,-0.949,-2.956,-0.828,-0.732,-2.742,-0.681,-0.694,-0.807,-0.998,-1.11,-1.108,-0.239,-0.211,-0.65,-1.833,-1.57,-0.209,-0.191,-0.226,-0.665,-1.308,-0.489,-0.427,-2.257
-1.2,-0.129,-0.169,-0.164,-0.268,-0.479,-0.729,-1.377,-1.415,-0.801,-0.818,-0.5,-0.138,-0.148,-0.671,-0.137,-0.722,-2.553,-0.492,-0.399,-2.383,-0.387,-0.846,-0.398,-0.705,-0.813,-0.807,-1.057,-0.625,-0.436,-1.475,-2.181,-0.199,-0.397,-0.43,-0.756,-1.149,-0.184,-0.463,-1.023
-0.721,-0.158,-0.217,-0.158,-0.558,-0.275,-0.25,-1.481,-0.945,-0.318,-0.304,-0.284,-0.16,-0.08,-0.457,-0.12,-0.475,-2.04,-0.25,-0.399,-1.952,-0.156,-0.282,-0.367,-0.37,-0.526,-0.524,-0.75,-0.313,-0.273,-0.183,-2.085,-0.169,-0.122,-0.154,-0.32,-0.73,-0.236,-0.299,-0.792
-0.457,-0.112,-0.059,-0.128,-0.127,-0.29,-0.116,-0.542,-0.141,-0.166,-0.135,-0.087,-0.124,-0.057,-0.242,-0.108,-0.202,-1.047,-0.117,-0.108,-1.041,-0.038,-0.125,-0.143,-0.145,-0.196,-0.203,-0.178,-0.157,-0.074,-0.063,-0.868,-0.094,-0.046,-0.064,-0.037,-0.419,-0.186,-0.204,-0.192
-0.028,-0.017,0.0,-0.018,-0.005,-0.035,-0.034,-0.043,-0.017,-0.027,-0.018,-0.02,-0.041,-0.014,-0.137,-0.077,-0.095,-0.243,-0.063,-0.049,-0.09,-0.011,-0.041,-0.049,-0.054,-0.048,-0.046,-0.028,-0.045,-0.019,-0.006,-0.012,-0.04,0.0,0.0,-0.002,-0.136,-0.084,-0.07,-0.092
0.0,0.0,0.0,0.0,0.0,0.0,0.0,0.0,0.0,0.0,0.0,0.0,0.0,0.0,-0.02,-0.01,-0.015,-0.012,-0.007,-0.007,-0.031,0.0,0.0,-0.002,-0.002,-0.001,-0.001,0.0,-0.007,0.0,0.0,0.0,0.0,0.0,0.0,0.0,-0.012,-0.015,-0.007,-0.008
0.0,0.0,0.0,0.0,0.0,0.0,0.0,0.0,0.0,0.0,0.0,0.0,0.0,-0.001,0.0,0.0,0.0,0.0,0.0,0.0,0.0,0.0,0.0,0.0,0.0,0.0,0.0,0.0,0.0,0.0,0.0,0.0,0.0,0.0,0.0,0.0,0.0,0.0,0.0,0.0
0.0,0.0,0.0,0.0,0.0,0.0,0.0,0.0,0.0,0.0,0.0,0.0,0.0,0.0,0.0,0.0,0.0,0.0,0.0,0.0,0.0,0.0,0.0,0.0,0.0,0.0,0.0,0.0,0.0,0.0,0.0,0.0,0.0,0.0,0.0,0.0,0.0,0.0,0.0,0.0
0.0,0.0,0.0,0.0,0.0,0.0,0.0,0.0,0.0,0.0,0.0,0.0,0.0,0.0,0.0,0.0,0.0,0.0,0.0,0.0,0.0,0.0,0.0,0.0,0.0,0.0,0.0,0.0,0.0,0.0,0.0,0.0,0.0,0.0,0.0,0.0,0.0,0.0,0.0,0.0
0.0,0.0,0.0,0.0,0.0,0.0,0.0,0.0,0.0,0.0,0.0,0.0,0.0,0.0,0.0,0.0,0.0,0.0,0.0,0.0,0.0,0.0,0.0,0.0,0.0,0.0,0.0,0.0,0.0,0.0,0.0,0.0,0.0,0.0,0.0,0.0,0.0,0.0,0.0,0.0
0.0,0.0,0.0,0.0,0.0,0.0,0.0,0.0,0.0,0.0,0.0,0.0,0.0,0.0,0.0,0.0,0.0,0.0,0.0,0.0,0.0,0.0,0.0,0.0,0.0,0.0,0.0,0.0,0.0,0.0,0.0,0.0,0.0,0.0,0.0,0.0,0.0,0.0,0.0,0.0
0.0,0.0,0.0,0.0,0.0,0.0,0.0,0.0,0.0,0.0,0.0,0.0,0.0,0.0,0.0,0.0,0.0,0.0,0.0,0.0,0.0,0.0,0.0,0.0,0.0,0.0,0.0,0.0,0.0,0.0,0.0,0.0,0.0,0.0,0.0,0.0,0.0,-0.001,0.0,0.0
0.0,0.0,0.0,0.0,0.0,0.0,0.0,0.0,0.0,0.0,0.0,0.0,0.0,0.0,0.0,0.0,0.0,0.0,0.0,0.0,0.0,0.0,0.0,0.0,0.0,0.0,0.0,0.0,0.0,0.0,0.0,0.0,0.0,0.0,0.0,0.0,0.0,0.0,0.0,0.0
0.0,0.0,0.0,0.0,0.0,0.0,0.0,0.0,0.0,0.0,0.0,0.0,0.0,0.0,0.0,0.0,0.0,0.0,0.0,0.0,0.0,0.0,0.0,0.0,0.0,0.0,0.0,0.0,0.0,0.0,0.0,0.0,0.0,0.0,0.0,0.0,0.0,0.0,0.0,0.0
0.0,0.0,0.0,0.0,0.0,0.0,0.0,0.0,0.0,0.0,0.0,0.0,0.0,0.0,0.0,0.0,0.0,0.0,0.0,0.0,0.0,0.0,0.0,0.0,0.0,0.0,0.0,0.0,0.0,0.0,0.0,0.0,0.0,0.0,0.0,0.0,0.0,0.0,0.0,0.0
0.0,0.0,0.0,0.0,0.0,0.0,0.0,0.0,0.0,0.0,0.0,0.0,0.0,0.0,0.0,0.0,0.0,0.0,0.0,0.0,0.0,0.0,0.0,0.0,0.0,0.0,0.0,0.0,0.0,0.0,0.0,0.0,0.0,0.0,0.0,0.0,0.0,0.0,0.0,0.0
0.0,0.0,0.0,0.0,0.0,0.0,0.0,0.0,0.0,0.0,0.0,0.0,0.0,0.0,0.0,0.0,0.0,0.0,0.0,0.0,0.0,0.0,0.0,0.0,0.0,0.0,0.0,0.0,0.0,0.0,0.0,0.0,0.0,0.0,0.0,0.0,0.0,0.0,0.0,0.0
0.0,0.0,0.0,0.0,0.0,0.0,0.0,0.0,0.0,0.0,0.0,0.0,0.0,0.0,0.0,0.0,0.0,0.0,0.0,0.0,0.0,0.0,0.0,0.0,0.0,0.0,0.0,0.0,0.0,0.0,0.0,0.0,0.0,0.0,0.0,0.0,0.0,0.0,0.0,0.0
0.0,0.0,0.0,0.0,0.0,0.0,0.0,0.0,0.0,0.0,0.0,0.0,0.0,0.0,0.0,0.0,0.0,0.0,0.0,0.0,0.0,0.0,0.0,0.0,0.0,0.0,0.0,0.0,0.0,0.0,0.0,0.0,0.0,0.0,0.0,0.0,0.0,0.0,0.0,0.0
0.0,0.0,0.0,0.0,0.0,0.0,0.0,0.0,0.0,0.0,0.0,0.0,0.0,0.0,0.0,0.0,0.0,0.0,0.0,0.0,0.0,0.0,0.0,0.0,0.0,0.0,0.0,0.0,0.0,0.0,0.0,0.0,0.0,0.0,0.0,0.0,0.0,0.0,0.0,0.0
0.0,0.0,0.0,0.0,0.0,0.0,0.0,0.0,0.0,0.0,0.0,0.0,0.0,0.0,0.0,0.0,0.0,0.0,0.0,0.0,0.0,0.0,0.0,0.0,0.0,0.0,0.0,0.0,0.0,0.0,0.0,0.0,0.0,0.0,0.0,0.0,0.0,0.0,0.0,0.0
0.0,0.0,0.0,0.0,0.0,0.0,0.0,0.0,0.0,0.0,0.0,0.0,0.0,0.0,0.0,0.0,0.0,0.0,0.0,0.0,0.0,0.0,0.0,0.0,0.0,0.0,0.0,0.0,0.0,0.0,0.0,0.0,0.0,0.0,0.0,0.0,0.0,0.0,0.0,0.0
0.0,0.0,0.0,0.0,0.0,0.0,0.0,0.0,0.0,0.0,0.0,0.0,0.0,0.0,0.0,0.0,0.0,0.0,0.0,0.0,0.0,0.0,0.0,0.0,0.0,0.0,0.0,0.0,0.0,0.0,0.0,0.0,0.0,0.0,0.0,0.0,0.0,0.0,0.0,0.0
0.0,0.0,0.0,0.0,0.0,0.0,0.0,0.0,0.0,0.0,0.0,0.0,0.0,0.0,0.0,0.0,0.0,0.0,0.0,0.0,0.0,0.0,0.0,0.0,0.0,0.0,0.0,0.0,0.0,0.0,0.0,0.0,0.0,0.0,0.0,0.0,0.0,0.0,0.0,0.0
0.0,0.0,0.0,0.0,0.0,0.0,0.0,0.0,0.0,0.0,0.0,0.0,0.0,0.0,0.0,0.0,0.0,0.0,0.0,0.0,0.0,0.0,0.0,0.0,0.0,0.0,0.0,0.0,0.0,0.0,0.0,0.0,0.0,0.0,0.0,0.0,0.0,0.0,0.0,0.0
0.0,0.0,0.0,0.0,0.0,0.0,0.0,0.0,0.0,0.0,0.0,0.0,0.0,0.0,0.0,0.0,0.0,0.0,0.0,0.0,0.0,0.0,0.0,0.0,0.0,0.0,0.0,0.0,0.0,0.0,0.0,0.0,0.0,0.0,0.0,0.0,0.0,0.0,0.0,0.0
0.0,0.0,0.0,0.0,0.0,0.0,0.0,0.0,0.0,0.0,0.0,0.0,0.0,0.0,0.0,0.0,0.0,0.0,0.0,0.0,0.0,0.0,0.0,0.0,0.0,0.0,0.0,0.0,0.0,0.0,0.0,0.0,0.0,0.0,0.0,0.0,0.0,0.0,0.0,0.0
0.0,0.0,0.0,0.0,0.0,0.0,0.0,0.0,0.0,0.0,0.0,0.0,0.0,0.0,0.0,0.0,0.0,0.0,0.0,0.0,0.0,0.0,0.0,0.0,0.0,0.0,0.0,0.0,0.0,0.0,0.0,0.0,0.0,0.0,0.0,0.0,0.0,0.0,0.0,0.0
0.0,0.0,0.0,0.0,0.0,0.0,0.0,0.0,0.0,0.0,0.0,0.0,0.0,0.0,0.0,0.0,0.0,0.0,0.0,0.0,0.0,0.0,0.0,0.0,0.0,0.0,0.0,0.0,0.0,0.0,0.0,0.0,0.0,0.0,0.0,0.0,0.0,0.0,0.0,0.0
0.0,0.0,0.0,0.0,0.0,0.0,0.0,0.0,0.0,0.0,0.0,0.0,0.0,0.0,0.0,0.0,0.0,0.0,0.0,0.0,0.0,0.0,0.0,0.0,0.0,0.0,0.0,0.0,0.0,0.0,0.0,0.0,0.0,0.0,0.0,0.0,0.0,0.0,0.0,0.0
0.0,0.0,0.0,0.0,0.0,0.0,0.0,0.0,0.0,0.0,0.0,0.0,0.0,0.0,0.0,0.0,0.0,0.0,0.0,0.0,0.0,0.0,0.0,0.0,0.0,0.0,0.0,0.0,0.0,0.0,0.0,0.0,0.0,0.0,0.0,0.0,0.0,0.0,0.0,0.0
0.0,0.0,0.0,0.0,0.0,0.0,0.0,0.0,0.0,0.0,0.0,0.0,0.0,0.0,0.0,0.0,0.0,0.0,0.0,0.0,0.0,0.0,0.0,0.0,0.0,0.0,0.0,0.0,0.0,0.0,0.0,0.0,0.0,0.0,0.0,0.0,0.0,0.0,0.0,0.0
0.0,0.0,0.0,0.0,0.0,0.0,0.0,0.0,0.0,0.0,0.0,0.0,0.0,0.0,0.0,0.0,0.0,0.0,0.0,0.0,0.0,0.0,0.0,0.0,0.0,0.0,0.0,0.0,0.0,0.0,0.0,0.0,0.0,0.0,0.0,0.0,0.0,0.0,0.0,0.0
0.0,0.0,0.0,0.0,0.0,0.0,0.0,0.0,0.0,0.0,0.0,0.0,0.0,0.0,0.0,0.0,0.0,0.0,0.0,0.0,0.0,0.0,0.0,0.0,0.0,0.0,0.0,0.0,0.0,0.0,0.0,0.0,0.0,0.0,0.0,0.0,0.0,0.0,0.0,0.0
0.0,0.0,0.0,0.0,0.0,0.0,0.0,0.0,0.0,0.0,0.0,0.0,0.0,0.0,0.0,0.0,0.0,0.0,0.0,0.0,0.0,0.0,0.0,0.0,0.0,0.0,0.0,0.0,0.0,0.0,0.0,0.0,0.0,0.0,0.0,0.0,0.0,0.0,0.0,0.0
0.0,0.0,0.0,0.0,0.0,0.0,0.0,0.0,0.0,0.0,0.0,0.0,0.0,0.0,0.0,0.0,0.0,0.0,0.0,0.0,0.0,0.0,0.0,0.0,0.0,0.0,0.0,0.0,0.0,0.0,0.0,0.0,0.0,0.0,0.0,0.0,0.0,0.0,0.0,0.0
0.0,0.0,0.0,0.0,0.0,0.0,0.0,0.0,0.0,0.0,0.0,0.0,0.0,0.0,0.0,0.0,0.0,0.0,0.0,0.0,0.0,0.0,0.0,0.0,0.0,0.0,0.0,0.0,0.0,0.0,0.0,0.0,0.0,0.0,0.0,0.0,0.0,0.0,0.0,0.0
0.0,0.0,0.0,0.0,0.0,0.0,0.0,0.0,0.0,0.0,0.0,0.0,0.0,0.0,0.0,0.0,0.0,0.0,0.0,0.0,0.0,0.0,0.0,0.0,0.0,0.0,0.0,0.0,0.0,0.0,0.0,0.0,0.0,0.0,0.0,0.0,0.0,0.0,0.0,0.0
0.0,0.0,0.0,0.0,0.0,0.0,0.0,0.0,0.0,0.0,0.0,0.0,0.0,0.0,0.0,0.0,0.0,0.0,0.0,0.0,0.0,0.0,0.0,0.0,0.0,0.0,0.0,0.0,0.0,0.0,0.0,0.0,0.0,0.0,0.0,0.0,0.0,0.0,0.0,0.0
0.0,0.0,0.0,0.0,0.0,0.0,0.0,0.0,0.0,0.0,0.0,0.0,0.0,0.0,0.0,0.0,0.0,0.0,0.0,0.0,0.0,0.0,0.0,0.0,0.0,0.0,0.0,0.0,0.0,0.0,0.0,0.0,0.0,0.0,0.0,0.0,0.0,0.0,0.0,0.0
0.0,0.0,0.0,0.0,0.0,0.0,0.0,0.0,0.0,0.0,0.0,0.0,0.0,0.0,0.0,0.0,0.0,0.0,0.0,0.0,0.0,0.0,0.0,0.0,0.0,0.0,0.0,0.0,0.0,0.0,0.0,0.0,0.0,0.0,0.0,0.0,0.0,0.0,0.0,0.0
0.0,0.0,0.0,0.0,0.0,0.0,0.0,0.0,0.0,0.0,0.0,0.0,0.0,0.0,0.0,0.0,0.0,0.0,0.0,0.0,0.0,0.0,0.0,0.0,0.0,0.0,0.0,0.0,0.0,0.0,0.0,0.0,0.0,0.0,0.0,0.0,0.0,0.0,0.0,0.0
0.0,0.0,0.0,0.0,0.0,0.0,0.0,0.0,0.0,0.0,0.0,0.0,0.0,0.0,0.0,0.0,0.0,0.0,0.0,0.0,0.0,0.0,0.0,0.0,0.0,0.0,0.0,0.0,0.0,0.0,0.0,0.0,0.0,0.0,0.0,0.0,0.0,0.0,0.0,0.0
0.0,0.0,0.0,0.0,0.0,0.0,0.0,0.0,0.0,0.0,0.0,0.0,0.0,0.0,0.0,0.0,0.0,0.0,0.0,0.0,0.0,0.0,0.0,0.0,0.0,0.0,0.0,0.0,0.0,0.0,0.0,0.0,0.0,0.0,0.0,0.0,0.0,0.0,0.0,0.0
0.0,0.0,0.0,0.0,0.0,0.0,0.0,0.0,0.0,0.0,0.0,0.0,0.0,0.0,0.0,0.0,0.0,0.0,0.0,0.0,0.0,0.0,0.0,0.0,0.0,0.0,0.0,0.0,0.0,0.0,0.0,0.0,0.0,0.0,0.0,0.0,0.0,0.0,0.0,0.0
0.0,0.0,0.0,0.0,0.0,0.0,0.0,0.0,0.0,0.0,0.0,0.0,0.0,0.0,0.0,0.0,0.0,0.0,0.0,0.0,0.0,0.0,0.0,0.0,0.0,0.0,0.0,0.0,0.0,0.0,0.0,0.0,0.0,0.0,0.0,0.0,0.0,0.0,0.0,0.0
0.0,0.0,0.0,0.0,0.0,0.0,0.0,0.0,0.0,0.0,0.0,0.0,0.0,0.0,0.0,0.0,0.0,0.0,0.0,0.0,0.0,0.0,0.0,0.0,0.0,0.0,0.0,0.0,0.0,0.0,0.0,0.0,0.0,0.0,0.0,0.0,0.0,0.0,0.0,0.0
0.0,0.0,0.0,0.0,0.0,0.0,0.0,0.0,0.0,0.0,0.0,0.0,0.0,0.0,0.0,0.0,0.0,0.0,0.0,0.0,0.0,0.0,0.0,0.0,0.0,0.0,0.0,0.0,0.0,0.0,0.0,0.0,0.0,0.0,0.0,0.0,0.0,0.0,0.0,0.0
0.0,0.0,0.0,0.0,0.0,0.0,0.0,0.0,0.0,0.0,0.0,0.0,0.0,0.0,0.0,0.0,0.0,0.0,0.0,0.0,0.0,0.0,0.0,0.0,0.0,0.0,0.0,0.0,0.0,0.0,0.0,0.0,0.0,0.0,0.0,0.0,0.0,0.0,0.0,0.0
0.0,0.0,0.0,0.0,0.0,0.0,0.0,0.0,0.0,0.0,0.0,0.0,0.0,0.0,0.0,0.0,0.0,0.0,0.0,0.0,0.0,0.0,0.0,0.0,0.0,0.0,0.0,0.0,0.0,0.0,0.0,0.0,0.0,0.0,0.0,0.0,0.0,0.0,0.0,0.0
0.0,0.0,0.0,0.0,0.0,0.0,0.0,0.0,0.0,0.0,0.0,0.0,0.0,0.0,0.0,0.0,0.0,0.0,0.0,0.0,0.0,0.0,0.0,0.0,0.0,0.0,0.0,0.0,0.0,0.0,0.0,0.0,0.0,0.0,0.0,0.0,0.0,0.0,0.0,0.0
0.0,0.0,0.0,0.0,0.0,0.0,0.0,0.0,0.0,0.0,0.0,0.0,0.0,0.0,0.0,0.0,0.0,0.0,0.0,0.0,0.0,0.0,0.0,0.0,0.0,0.0,0.0,0.0,0.0,0.0,0.0,0.0,0.0,0.0,0.0,0.0,0.0,0.0,0.0,0.0
0.0,0.0,0.0,0.0,0.0,0.0,0.0,0.0,0.0,0.0,0.0,0.0,0.0,0.0,0.0,0.0,0.0,0.0,0.0,0.0,0.0,0.0,0.0,0.0,0.0,0.0,0.0,0.0,0.0,0.0,0.0,0.0,0.0,0.0,0.0,0.0,0.0,0.0,0.0,0.0
0.0,0.0,0.0,0.0,0.0,0.0,0.0,0.0,0.0,0.0,0.0,0.0,0.0,0.0,0.0,0.0,0.0,0.0,0.0,0.0,0.0,0.0,0.0,0.0,0.0,0.0,0.0,0.0,0.0,0.0,0.0,0.0,0.0,0.0,0.0,0.0,0.0,0.0,0.0,0.0
0.0,0.0,0.0,0.0,0.0,0.0,0.0,0.0,0.0,0.0,0.0,0.0,0.0,0.0,0.0,0.0,0.0,0.0,0.0,0.0,0.0,0.0,0.0,0.0,0.0,0.0,0.0,0.0,0.0,0.0,0.0,0.0,0.0,0.0,0.0,0.0,0.0,0.0,0.0,0.0
0.0,0.0,0.0,0.0,0.0,0.0,0.0,0.0,0.0,0.0,0.0,0.0,0.0,0.0,0.0,0.0,0.0,0.0,0.0,0.0,0.0,0.0,0.0,0.0,0.0,0.0,0.0,0.0,0.0,0.0,0.0,0.0,0.0,0.0,0.0,0.0,0.0,0.0,0.0,0.0
0.0,0.0,0.0,0.0,0.0,0.0,0.0,0.0,0.0,0.0,0.0,0.0,0.0,0.0,0.0,0.0,0.0,0.0,0.0,0.0,0.0,0.0,0.0,0.0,0.0,0.0,0.0,0.0,0.0,0.0,0.0,0.0,0.0,0.0,0.0,0.0,0.0,0.0,0.0,0.0
0.0,0.0,0.0,0.0,0.0,0.0,0.0,0.0,0.0,0.0,0.0,0.0,0.0,0.0,0.0,0.0,0.0,0.0,0.0,0.0,0.0,0.0,0.0,0.0,0.0,0.0,0.0,0.0,0.0,0.0,0.0,0.0,0.0,0.0,0.0,0.0,0.0,0.0,0.0,0.0
0.0,0.0,0.0,0.0,0.0,0.0,0.0,0.0,0.0,0.0,0.0,0.0,0.0,0.0,0.0,0.0,0.0,0.0,0.0,0.0,0.0,0.0,0.0,0.0,0.0,0.0,0.0,0.0,0.0,0.0,0.0,0.0,0.0,0.0,0.0,0.0,0.0,0.0,0.0,0.0
0.0,0.0,0.0,0.0,0.0,0.0,0.0,0.0,0.0,0.0,0.0,0.0,0.0,0.0,0.0,0.0,0.0,0.0,0.0,0.0,0.0,0.0,0.0,0.0,0.0,0.0,0.0,0.0,0.0,0.0,0.0,0.0,0.0,0.0,0.0,0.0,0.0,0.0,0.0,0.0
0.0,-0.001,0.0,-0.007,0.0,-0.001,-0.006,0.0,0.0,-0.001,0.0,0.0,0.0,-0.003,0.0,-0.004,0.0,-0.002,-0.011,0.0,-0.012,0.0,0.0,0.0,-0.019,-0.023,-0.011,-0.001,-0.006,0.0,-0.001,0.0,-0.002,-0.011,-0.026,-0.032,0.0,-0.001,0.0,0.0
-0.146,-0.025,-0.012,-0.056,-0.043,-0.038,-0.052,-0.014,-0.003,-0.039,-0.033,-0.037,-0.043,-0.034,-0.001,-0.038,-0.009,-0.186,-0.055,-0.033,-0.067,0.0,-0.046,-0.113,-0.066,-0.223,-0.172,-0.025,-0.056,-0.011,-0.36,-0.006,-0.044,-0.137,-0.249,-0.477,-0.016,-0.087,-0.016,0.0
-1.092,-0.104,-0.118,-0.24,-0.855,-0.083,-0.155,-1.208,-1.302,-0.162,-0.189,-0.262,-0.118,-0.151,-0.146,-0.257,-0.175,-1.398,-0.106,-0.435,-1.228,-0.001,-0.145,-0.349,-0.149,-0.545,-0.543,-0.37,-0.168,-0.051,-1.095,-0.029,-0.262,-0.356,-0.551,-0.769,-0.12,-0.422,-0.133,-0.003
-1.795,-0.221,-0.859,-0.564,-1.505,-0.774,-0.426,-2.247,-2.204,-0.385,-0.413,-0.548,-0.233,-0.394,-0.398,-1.139,-0.475,-2.373,-0.159,-0.853,-1.992,-0.013,-0.506,-0.688,-0.78,-0.899,-0.911,-1.58,-0.293,-0.087,-1.649,-0.061,-0.515,-0.7,-1.015,-1.206,-0.316,-0.781,-0.439,-0.025
-2.269,-0.44,-1.123,-1.18,-2.502,-1.415,-1.063,-2.73,-2.697,-0.607,-0.837,-1.042,-0.372,-0.736,-0.651,-1.613,-0.721,-3.05,-0.357,-1.18,-2.24,-0.021,-0.901,-1.072,-1.442,-1.222,-1.238,-2.427,-0.404,-0.14,-2.246,-1.022,-0.779,-1.122,-1.366,-1.668,-0.549,-1.079,-0.825,-0.04
-2.584,-0.738,-1.346,-1.558,-2.839,-1.723,-1.596,-3.116,-3.083,-1.18,-1.274,-1.357,-0.546,-1.359,-0.872,-1.877,-0.964,-3.396,-1.435,-1.47,-2.698,-0.414,-1.174,-1.386,-1.76,-1.524,-1.542,-2.892,-0.515,-0.522,-2.689,-2.425,-1.038,-1.471,-1.676,-1.94,-0.809,-1.43,-1.243,-0.059
-2.909,-1.219,-2.435,-1.702,-3.098,-1.639,-1.98,-3.387,-3.377,-1.782,-1.776,-1.641,-0.79,-1.733,-1.089,-2.443,-1.199,-3.608,-2.241,-1.798,-3.032,-1.034,-1.43,-1.682,-2.045,-1.812,-1.829,-3.135,-0.839,-1.1,-3.034,-2.82,-1.352,-1.856,-1.993,-2.015,-1.037,-1.787,-1.686,-0.07
-2.995,-1.667,-2.901,-2.404,-3.285,-1.87,-2.285,-3.532,-3.546,-2.121,-2.107,-1.914,-1.004,-2.032,-1.335,-2.758,-1.436,-3.809,-2.554,-2.088,-3.452,-1.301,-1.699,-1.954,-2.309,-2.062,-2.084,-3.325,-2.738,-1.672,-3.45,-3.362,-1.671,-2.177,-2.279,-2.519,-1.35,-2.126,-2.036,-0.077
-3.041,-1.968,-2.966,-3.496,-3.432,-2.101,-2.56,-3.311,-3.353,-2.432,-2.414,-2.183,-1.18,-2.297,-1.985,-3.029,-1.663,-3.961,-2.786,-2.327,-3.57,-1.583,-1.935,-2.203,-2.554,-2.285,-2.316,-3.459,-3.212,-2.212,-3.555,-3.66,-1.971,-2.431,-2.504,-2.802,-1.612,-2.421,-2.297,-0.086
-3.475,-2.22,-2.997,-3.661,-3.551,-2.331,-2.837,-3.731,-3.821,-2.764,-2.743,-2.441,-1.366,-2.544,-2.38,-3.218,-1.874,-4.068,-3.001,-2.548,-3.677,-1.855,-2.166,-2.426,-2.777,-2.503,-2.535,-3.57,-3.351,-2.571,-3.684,-3.806,-2.249,-2.633,-2.711,-3.136,-1.819,-2.642,-2.527,-0.095
-3.41,-2.448,-2.871,-3.757,-3.668,-2.356,-3.143,-3.629,-3.692,-3.017,-3.001,-2.666,-1.542,-2.753,-2.597,-3.347,-2.047,-4.152,-3.223,-2.741,-3.757,-2.06,-2.371,-2.631,-2.979,-2.7,-2.737,-3.68,-3.485,-2.829,-3.843,-3.958,-2.515,-2.824,-2.897,-3.374,-2.019,-2.873,-2.727,-2.071
-3.522,-2.654,-2.85,-3.93,-3.777,-2.44,-3.324,-3.573,-3.629,-3.244,-3.229,-2.825,-1.721,-2.978,-2.774,-3.419,-2.209,-4.217,-3.42,-2.944,-3.805,-2.243,-2.569,-2.817,-3.152,-2.909,-2.95,-3.793,-3.691,-3.056,-3.96,-4.156,-2.78,-2.978,-3.048,-3.558,-2.286,-3.104,-2.921,-3.499
-3.721,-2.868,-3.574,-4.014,-3.906,-2.768,-3.531,-3.459,-3.538,-3.381,-3.371,-2.986,-1.898,-3.162,-2.915,-3.478,-2.352,-4.296,-3.592,-3.078,-3.874,-2.403,-2.721,-2.974,-3.285,-3.089,-3.12,-3.943,-3.878,-2.924,-2.243,-4.215,-2.987,-3.129,-3.197,-3.505,-2.561,-3.28,-3.077,-3.432
-3.731,-3.04,-3.703,-4.099,-4.026,-2.786,-3.715,-3.537,-3.619,-3.568,-3.559,-3.143,-2.053,-3.311,-3.04,-3.507,-2.481,-4.346,-3.71,-3.185,-3.908,-2.581,-2.843,-3.129,-3.423,-3.233,-3.268,-4.226,-4.051,-3.401,-3.561,-4.174,-3.247,-3.261,-3.334,-3.594,-2.819,-3.459,-3.198,-3.408
-3.74,-3.184,-3.737,-4.158,-4.057,-2.835,-3.86,-3.642,-3.726,-3.693,-3.684,-3.282,-2.177,-3.461,-3.162,-3.513,-2.592,-4.324,-3.836,-3.297,-3.928,-2.685,-2.962,-3.266,-3.535,-3.345,-3.374,-4.108,-3.744,-3.427,-3.78,-4.083,-3.404,-3.379,-3.453,-3.877,-2.979,-3.607,-3.291,-3.427
-3.789,-3.331,-3.742,-4.136,-4.11,-2.868,-3.98,-3.682,-3.785,-3.825,-3.815,-3.378,-2.288,-3.584,-3.249,-3.539,-2.682,-4.336,-3.877,-3.394,-3.962,-2.789,-3.07,-3.38,-3.637,-3.458,-3.482,-3.95,-3.859,-3.495,-4.03,-4.123,-3.369,-3.514,-3.579,-3.651,-3.101,-3.721,-3.385,-3.441
-3.947,-3.474,-3.79,-4.108,-4.116,-2.894,-4.034,-3.78,-3.876,-3.936,-3.929,-3.455,-2.374,-3.691,-3.315,-3.519,-2.759,-4.366,-3.942,-3.455,-3.972,-2.89,-3.16,-3.46,-3.7,-3.571,-3.591,-3.968,-3.823,-3.581,-4.03,-4.153,-3.447,-3.574,-3.66,-1.64,-3.211,-3.807,-3.469,-3.454
-4.037,-3.569,-3.746,-4.154,-4.088,-3.805,-4.16,-3.816,-3.937,-4.014,-4.013,-3.53,-2.44,-3.748,-2.156,-2.254,-1.798,-4.38,-3.997,-3.517,-3.98,-2.976,-3.216,-3.552,-3.746,-3.652,-3.695,-3.974,-3.887,-3.668,-4.049,-4.169,-3.518,-3.672,-3.738,-2.681,-3.304,-3.88,-3.528,-3.467
-4.088,-3.632,-3.781,-4.125,-4.093,-3.759,-4.23,-3.85,-3.963,-4.066,-4.064,-3.585,-2.489,-3.794,-1.9,-1.569,-1.596,-4.396,-4.053,-3.576,-3.998,-3.039,-3.243,-3.628,-3.78,-3.698,-3.74,-3.99,-3.915,-3.676,-4.072,-4.148,-3.597,-3.742,-3.817,-3.35,-3.38,-3.954,-3.577,-3.477
-4.1,-3.709,-3.807,-4.183,-4.154,-3.718,-4.276,-3.848,-3.98,-4.113,-4.111,-3.618,-2.545,-3.775,-3.494,-3.604,-2.906,-4.42,-4.048,-3.631,-3.987,-3.092,-3.269,-3.669,-3.795,-3.718,-3.751,-3.998,-3.909,-3.697,-4.045,-4.129,-3.642,-3.809,-3.879,-3.584,-3.419,-4.013,-3.602,-3.497
-4.107,-3.754,-3.811,-4.155,-4.151,-3.635,-4.291,-4.178,-4.241,-4.117,-4.122,-3.637,-2.587,-3.812,-3.513,-3.535,-2.936,-4.457,-4.064,-3.661,-4.02,-3.115,-3.275,-3.701,-3.765,-3.712,-3.749,-4.015,-3.918,-3.698,-4.029,-4.134,-3.664,-3.633,-3.674,-3.664,-3.487,-4.034,-3.611,-3.501
-4.112,-3.813,-3.829,-4.198,-4.136,-3.599,-4.295,-3.898,-3.987,-4.111,-4.119,-3.616,-2.571,-3.837,-3.507,-3.454,-2.945,-4.42,-4.045,-3.63,-4.005,-3.116,-3.282,-3.7,-3.732,-3.722,-3.763,-3.996,-3.946,-3.677,-4.021,-4.122,-3.684,-3.497,-3.48,-3.745,-3.529,-4.006,-3.584,-3.5
-4.115,-3.848,-3.816,-4.154,-4.118,-2.882,-4.289,-3.855,-3.957,-4.095,-4.11,-3.579,-2.547,-3.813,-3.512,-3.373,-2.911,-4.439,-3.983,-3.621,-4.007,-3.077,-3.265,-3.649,-3.706,-3.697,-3.735,-3.987,-3.954,-3.654,-3.978,-4.119,-3.669,-3.699,-3.777,-3.416,-3.519,-3.971,-3.555,-3.495
-4.086,-3.86,-3.78,-4.138,-4.094,-2.886,-4.253,-3.848,-3.954,-4.059,-4.072,-3.554,-2.498,-3.703,-3.447,-3.285,-2.906,-4.394,-3.947,-3.601,-4.022,-3.025,-3.226,-3.578,-3.647,-3.649,-3.677,-3.978,-3.931,-3.6,-3.949,-4.122,-3.615,-3.509,-3.633,-3.676,-3.498,-3.951,-3.515,-3.473
-4.067,-3.811,-3.769,-4.108,-4.088,-3.234,-4.187,-3.846,-3.935,-4.001,-4.019,-3.518,-2.457,-3.615,-3.347,-3.198,-2.868,-4.337,-3.859,-3.532,-4.088,-2.965,-3.168,-3.479,-3.57,-3.572,-3.598,-3.939,-3.902,-3.596,-3.935,-4.138,-3.527,-3.405,-3.534,-3.549,-3.437,-3.945,-3.481,-3.446
-4.08,-3.744,-3.506,-4.09,-4.056,-3.495,-4.123,-3.747,-3.858,-3.87,-3.889,-3.45,-2.448,-3.572,-3.245,-3.076,-2.808,-4.331,-3.736,-3.496,-4.079,-2.881,-3.083,-3.377,-3.462,-3.482,-3.507,-3.905,-3.852,-3.55,-3.912,-4.102,-3.423,-3.317,-3.409,-3.574,-3.414,-3.884,-3.419,-3.449
-4.048,-3.671,-2.925,-4.081,-3.974,-3.357,-4.031,-3.829,-3.929,-3.771,-3.787,-3.361,-2.355,-3.469,-3.141,-2.974,-2.723,-4.323,-3.602,-3.412,-4.078,-2.762,-2.994,-3.29,-3.359,-3.384,-3.41,-3.876,-3.787,-3.501,-3.875,-4.071,-3.335,-3.212,-3.297,-3.496,-3.367,-3.785,-3.335,-3.408
-3.981,-3.589,-3.301,-4.048,-3.932,-3.217,-3.9,-3.974,-4.066,-3.655,-3.671,-3.231,-2.26,-3.33,-3.023,-2.801,-2.631,-4.236,-3.48,-3.335,-4.049,-2.657,-2.884,-3.178,-3.22,-3.291,-3.317,-3.837,-3.739,-3.426,-3.856,-4.078,-3.206,-3.074,-3.156,-3.49,-3.282,-3.671,-3.195,-3.39
-3.904,-3.476,-3.416,-3.986,-3.894,-3.063,-3.752,-4.245,-4.283,-3.49,-3.507,-3.071,-2.172,-3.235,-2.858,-2.659,-2.523,-4.328,-3.314,-3.214,-3.998,-2.521,-2.767,-3.059,-3.066,-3.148,-3.171,-3.801,-3.686,-3.316,-3.812,-4.062,-3.037,-2.931,-3.011,-3.44,-3.167,-3.515,-2.983,-3.329
-3.814,-3.355,-3.368,-3.863,-3.742,-2.902,-3.571,-4.153,-4.209,-3.329,-3.345,-2.922,-2.058,-3.142,-2.664,-2.496,-2.376,-4.302,-3.127,-3.096,-3.939,-2.366,-2.616,-2.907,-2.896,-3.001,-3.022,-3.715,-3.454,-3.233,-3.752,-4.0,-2.878,-2.773,-2.84,-3.428,-3.013,-3.318,-2.756,-3.305
-3.736,-3.208,-3.261,-3.677,-3.618,-2.764,-3.373,-4.081,-4.112,-3.142,-3.16,-2.719,-1.91,-2.978,-2.485,-2.297,-2.218,-4.263,-2.907,-2.938,-3.876,-2.211,-2.454,-2.712,-2.71,-2.824,-2.845,-3.609,-3.171,-3.108,-3.691,-3.936,-2.724,-2.686,-2.74,-3.342,-2.873,-3.137,-2.559,-3.281
-3.597,-3.014,-3.102,-3.413,-3.486,-2.602,-3.157,-3.983,-4.016,-2.937,-2.958,-2.52,-1.773,-2.723,-2.331,-2.112,-2.0,-4.18,-2.626,-2.763,-3.798,-2.011,-2.298,-2.471,-2.487,-2.631,-2.647,-3.471,-2.826,-2.868,-3.637,-3.795,-2.553,-2.654,-2.711,-3.145,-2.71,-2.926,-2.335,-3.222
-3.187,-2.819,-2.978,-2.703,-3.334,-2.444,-2.928,-3.888,-3.893,-2.693,-2.713,-2.305,-1.629,-2.489,-2.058,-1.927,-1.876,-4.081,-2.348,-2.546,-3.684,-1.807,-2.094,-2.264,-2.26,-2.416,-2.428,-3.294,-2.424,-2.144,-3.576,-3.684,-2.257,-2.34,-2.393,-2.806,-2.522,-2.685,-2.093,-3.147
-3.049,-2.593,-2.88,-2.312,-3.253,-2.279,-2.651,-3.776,-3.784,-2.419,-2.44,-2.065,-1.431,-2.232,-1.805,-1.772,-1.674,-3.935,-2.025,-2.305,-3.553,-1.573,-1.861,-2.027,-2.013,-2.186,-2.193,-3.196,-1.989,-2.141,-3.463,-3.582,-1.892,-1.929,-1.988,-2.465,-2.305,-2.399,-1.808,-3.09
-3.044,-2.346,-2.634,-1.908,-3.052,-2.104,-2.369,-3.615,-3.63,-2.098,-2.113,-1.817,-0.931,-1.981,-1.55,-1.561,-1.463,-3.808,-1.683,-2.02,-3.386,-1.329,-1.614,-1.793,-1.725,-1.906,-1.911,-3.001,-1.51,-1.72,-3.316,-3.459,-1.612,-1.563,-1.621,-1.897,-2.083,-2.103,-1.473,-2.96
-2.74,-2.067,-1.583,-1.477,-2.827,-1.84,-2.049,-3.376,-3.376,-1.789,-1.801,-1.523,-0.461,-1.678,-1.223,-0.144,-1.24,-3.619,-1.307,-1.642,-3.176,-1.077,-1.325,-1.538,-1.442,-1.645,-1.645,-2.792,-1.017,-1.271,-3.101,-3.256,-1.323,-1.222,-1.273,-1.188,-1.81,-1.497,-1.173,-2.786
-2.175,-1.599,-1.169,-1.245,-2.506,-1.574,-1.699,-3.045,-3.031,-1.303,-1.405,-1.212,-0.167,-1.339,-0.981,-0.135,-1.001,-3.331,-0.872,-1.273,-2.935,-0.786,-1.041,-1.262,-1.158,-1.354,-1.353,-2.478,-0.675,-0.799,-2.8,-3.006,-0.916,-0.884,-0.928,-0.92,-1.514,-0.435,-0.7,-2.576
-1.876,-0.415,-0.99,-0.423,-1.777,-1.294,-0.719,-2.645,-2.502,-0.788,-0.791,-0.427,-0.099,-1.032,-0.696,-0.12,-0.756,-2.993,-0.509,-0.879,-2.584,-0.484,-0.76,-0.933,-0.848,-1.041,-1.038,-2.046,-0.976,-0.442,-1.85,-2.691,-0.514,-0.541,-0.564,-0.901,-1.19,-0.138,-0.367,-2.338
-1.496,-0.058,-0.171,-0.075,-1.079,-0.94,-0.1,-2.124,-0.966,-0.538,-0.517,-0.193,-0.08,-0.676,-0.466,-0.099,-0.505,-2.481,-0.242,-0.561,-2.109,-0.227,-0.475,-0.599,-0.406,-0.7,-0.707,-1.509,-0.604,-0.187,-0.117,-2.114,-0.218,-0.228,-0.248,-0.491,-0.799,-0.114,-0.19,-1.669
-0.985,-0.033,-0.017,-0.041,-0.034,-0.389,-0.067,-0.706,-0.099,-0.105,-0.079,-0.048,-0.056,-0.334,-0.235,-0.073,-0.178,-1.574,-0.09,-0.277,-1.048,-0.053,-0.255,-0.244,-0.125,-0.196,-0.241,-0.164,-0.108,-0.034,-0.025,-0.937,-0.066,-0.054,-0.07,-0.046,-0.411,-0.083,-0.127,-0.096
-0.058,-0.005,0.0,-0.011,0.0,-0.075,-0.028,-0.029,-0.008,-0.021,-0.012,-0.015,-0.019,-0.068,-0.062,-0.038,-0.021,-0.336,-0.034,-0.034,-0.072,-0.008,-0.077,-0.021,-0.028,-0.022,-0.019,-0.007,-0.035,-0.011,0.0,-0.002,-0.017,0.0,-0.005,-0.008,-0.098,-0.047,-0.038,-0.037
0.0,-0.001,0.0,0.0,0.0,0.0,0.0,0.0,0.0,0.0,0.0,0.0,0.0,0.0,0.0,-0.005,-0.002,-0.003,0.0,-0.004,-0.021,0.0,0.0,-0.003,0.0,-0.001,0.0,0.0,-0.009,0.0,0.0,0.0,0.0,0.0,0.0,0.0,-0.002,-0.008,-0.006,-0.003
0.0,0.0,0.0,0.0,0.0,0.0,0.0,0.0,0.0,0.0,0.0,0.0,0.0,0.0,0.0,0.0,0.0,0.0,0.0,0.0,0.0,0.0,0.0,0.0,0.0,0.0,0.0,0.0,0.0,0.0,0.0,0.0,0.0,0.0,0.0,0.0,0.0,0.0,0.0,0.0
0.0,0.0,0.0,0.0,0.0,0.0,0.0,0.0,0.0,0.0,0.0,0.0,0.0,0.0,0.0,0.0,0.0,0.0,0.0,0.0,0.0,0.0,0.0,0.0,0.0,0.0,0.0,0.0,0.0,0.0,0.0,0.0,0.0,0.0,0.0,0.0,0.0,0.0,0.0,0.0
0.0,0.0,0.0,0.0,0.0,0.0,0.0,0.0,0.0,0.0,0.0,0.0,0.0,0.0,0.0,0.0,0.0,0.0,0.0,0.0,0.0,0.0,0.0,0.0,0.0,0.0,0.0,0.0,0.0,0.0,0.0,0.0,0.0,0.0,0.0,0.0,0.0,0.0,0.0,0.0
0.0,0.0,0.0,0.0,0.0,0.0,0.0,0.0,0.0,0.0,0.0,0.0,0.0,0.0,0.0,0.0,0.0,0.0,0.0,0.0,0.0,0.0,0.0,0.0,0.0,0.0,0.0,0.0,0.0,0.0,0.0,0.0,0.0,0.0,0.0,0.0,0.0,0.0,0.0,0.0
0.0,0.0,0.0,0.0,0.0,0.0,0.0,0.0,0.0,0.0,0.0,0.0,0.0,0.0,0.0,0.0,0.0,0.0,0.0,0.0,0.0,0.0,0.0,0.0,0.0,0.0,0.0,0.0,0.0,0.0,0.0,0.0,0.0,0.0,0.0,0.0,0.0,0.0,0.0,0.0
0.0,0.0,0.0,0.0,0.0,0.0,0.0,0.0,0.0,0.0,0.0,0.0,0.0,0.0,0.0,0.0,0.0,0.0,0.0,0.0,0.0,0.0,0.0,0.0,0.0,0.0,0.0,0.0,0.0,0.0,0.0,0.0,0.0,0.0,0.0,0.0,0.0,0.0,0.0,0.0
0.0,0.0,0.0,0.0,0.0,0.0,0.0,0.0,0.0,0.0,0.0,0.0,0.0,0.0,0.0,0.0,0.0,0.0,0.0,0.0,0.0,0.0,0.0,0.0,0.0,0.0,0.0,0.0,0.0,0.0,0.0,0.0,0.0,0.0,0.0,0.0,0.0,0.0,0.0,0.0
0.0,0.0,0.0,0.0,0.0,0.0,0.0,0.0,0.0,0.0,0.0,0.0,0.0,0.0,0.0,0.0,0.0,0.0,0.0,0.0,0.0,0.0,0.0,0.0,0.0,0.0,0.0,0.0,0.0,0.0,0.0,0.0,0.0,0.0,0.0,0.0,0.0,0.0,0.0,0.0
0.0,0.0,0.0,0.0,0.0,0.0,0.0,0.0,0.0,0.0,0.0,0.0,0.0,0.0,0.0,0.0,0.0,0.0,0.0,0.0,0.0,0.0,0.0,0.0,0.0,0.0,0.0,0.0,0.0,0.0,0.0,0.0,0.0,0.0,0.0,0.0,0.0,0.0,0.0,0.0
0.0,0.0,0.0,0.0,0.0,0.0,0.0,0.0,0.0,0.0,0.0,0.0,0.0,0.0,0.0,0.0,0.0,0.0,0.0,0.0,0.0,0.0,0.0,0.0,0.0,0.0,0.0,0.0,0.0,0.0,0.0,0.0,0.0,0.0,0.0,0.0,0.0,-0.001,0.0,0.0
0.0,0.0,0.0,0.0,0.0,0.0,0.0,0.0,0.0,0.0,0.0,0.0,0.0,0.0,0.0,0.0,0.0,0.0,0.0,0.0,0.0,0.0,0.0,0.0,0.0,0.0,0.0,0.0,0.0,0.0,0.0,0.0,0.0,0.0,0.0,0.0,0.0,0.0,0.0,0.0
0.0,0.0,0.0,0.0,0.0,0.0,0.0,0.0,0.0,0.0,0.0,0.0,0.0,0.0,0.0,0.0,0.0,0.0,0.0,0.0,0.0,0.0,0.0,0.0,0.0,0.0,0.0,0.0,0.0,0.0,0.0,0.0,0.0,0.0,0.0,0.0,0.0,0.0,0.0,0.0
0.0,0.0,0.0,0.0,0.0,0.0,0.0,0.0,0.0,0.0,0.0,0.0,0.0,0.0,0.0,0.0,0.0,0.0,0.0,0.0,0.0,0.0,0.0,0.0,0.0,0.0,0.0,0.0,0.0,0.0,0.0,0.0,0.0,0.0,0.0,0.0,0.0,0.0,0.0,0.0
0.0,0.0,0.0,0.0,0.0,0.0,0.0,0.0,0.0,0.0,0.0,0.0,0.0,0.0,0.0,0.0,0.0,0.0,0.0,0.0,0.0,0.0,0.0,0.0,0.0,0.0,0.0,0.0,0.0,0.0,0.0,0.0,0.0,0.0,0.0,0.0,0.0,0.0,0.0,0.0
0.0,0.0,0.0,0.0,0.0,0.0,0.0,0.0,0.0,0.0,0.0,0.0,0.0,0.0,0.0,0.0,0.0,0.0,0.0,0.0,0.0,0.0,0.0,0.0,0.0,0.0,0.0,0.0,0.0,0.0,0.0,0.0,0.0,0.0,0.0,0.0,0.0,0.0,0.0,0.0
0.0,0.0,0.0,0.0,0.0,0.0,0.0,0.0,0.0,0.0,0.0,0.0,0.0,0.0,0.0,0.0,0.0,0.0,0.0,0.0,0.0,0.0,0.0,0.0,0.0,0.0,0.0,0.0,0.0,0.0,0.0,0.0,0.0,0.0,0.0,0.0,0.0,0.0,0.0,0.0
0.0,0.0,0.0,0.0,0.0,0.0,0.0,0.0,0.0,0.0,0.0,0.0,0.0,0.0,0.0,0.0,0.0,0.0,0.0,0.0,0.0,0.0,0.0,0.0,0.0,0.0,0.0,0.0,0.0,0.0,0.0,0.0,0.0,0.0,0.0,0.0,0.0,0.0,0.0,0.0
0.0,0.0,0.0,0.0,0.0,0.0,0.0,0.0,0.0,0.0,0.0,0.0,0.0,0.0,0.0,0.0,0.0,0.0,0.0,0.0,0.0,0.0,0.0,0.0,0.0,0.0,0.0,0.0,0.0,0.0,0.0,0.0,0.0,0.0,0.0,0.0,0.0,0.0,0.0,0.0
0.0,0.0,0.0,0.0,0.0,0.0,0.0,0.0,0.0,0.0,0.0,0.0,0.0,0.0,0.0,0.0,0.0,0.0,0.0,0.0,0.0,0.0,0.0,0.0,0.0,0.0,0.0,0.0,0.0,0.0,0.0,0.0,0.0,0.0,0.0,0.0,0.0,0.0,0.0,0.0
0.0,0.0,0.0,0.0,0.0,0.0,0.0,0.0,0.0,0.0,0.0,0.0,0.0,0.0,0.0,0.0,0.0,0.0,0.0,0.0,0.0,0.0,0.0,0.0,0.0,0.0,0.0,0.0,0.0,0.0,0.0,0.0,0.0,0.0,0.0,0.0,0.0,0.0,0.0,0.0
0.0,0.0,0.0,0.0,0.0,0.0,0.0,0.0,0.0,0.0,0.0,0.0,0.0,0.0,0.0,0.0,0.0,0.0,0.0,0.0,0.0,0.0,0.0,0.0,0.0,0.0,0.0,0.0,0.0,0.0,0.0,0.0,0.0,0.0,0.0,0.0,0.0,0.0,0.0,0.0
0.0,0.0,0.0,0.0,0.0,0.0,0.0,0.0,0.0,0.0,0.0,0.0,0.0,0.0,0.0,0.0,0.0,0.0,0.0,0.0,0.0,0.0,0.0,0.0,0.0,0.0,0.0,0.0,0.0,0.0,0.0,0.0,0.0,0.0,0.0,0.0,0.0,0.0,0.0,0.0
0.0,0.0,0.0,0.0,0.0,0.0,0.0,0.0,0.0,0.0,0.0,0.0,0.0,0.0,0.0,0.0,0.0,0.0,0.0,0.0,0.0,0.0,0.0,0.0,0.0,0.0,0.0,0.0,0.0,0.0,0.0,0.0,0.0,0.0,0.0,0.0,0.0,0.0,0.0,0.0
0.0,0.0,0.0,0.0,0.0,0.0,0.0,0.0,0.0,0.0,0.0,0.0,0.0,0.0,0.0,0.0,0.0,0.0,0.0,0.0,0.0,0.0,0.0,0.0,0.0,0.0,0.0,0.0,0.0,0.0,0.0,0.0,0.0,0.0,0.0,0.0,0.0,0.0,0.0,0.0
0.0,0.0,0.0,0.0,0.0,0.0,0.0,0.0,0.0,0.0,0.0,0.0,0.0,0.0,0.0,0.0,0.0,0.0,0.0,0.0,0.0,0.0,0.0,0.0,0.0,0.0,0.0,0.0,0.0,0.0,0.0,0.0,0.0,0.0,0.0,0.0,0.0,0.0,0.0,0.0
0.0,0.0,0.0,0.0,0.0,0.0,0.0,0.0,0.0,0.0,0.0,0.0,0.0,0.0,0.0,0.0,0.0,0.0,0.0,0.0,0.0,0.0,0.0,0.0,0.0,0.0,0.0,0.0,0.0,0.0,0.0,0.0,0.0,0.0,0.0,0.0,0.0,0.0,0.0,0.0
0.0,0.0,0.0,0.0,0.0,0.0,0.0,0.0,0.0,0.0,0.0,0.0,0.0,0.0,0.0,0.0,0.0,0.0,0.0,0.0,0.0,0.0,0.0,0.0,0.0,0.0,0.0,0.0,0.0,0.0,0.0,0.0,0.0,0.0,0.0,0.0,0.0,0.0,0.0,0.0
0.0,0.0,0.0,0.0,0.0,0.0,0.0,0.0,0.0,0.0,0.0,0.0,0.0,0.0,0.0,0.0,0.0,0.0,0.0,0.0,0.0,0.0,0.0,0.0,0.0,0.0,0.0,0.0,0.0,0.0,0.0,0.0,0.0,0.0,0.0,0.0,0.0,0.0,0.0,0.0
0.0,0.0,0.0,0.0,0.0,0.0,0.0,0.0,0.0,0.0,0.0,0.0,0.0,0.0,0.0,0.0,0.0,0.0,0.0,0.0,0.0,0.0,0.0,0.0,0.0,0.0,0.0,0.0,0.0,0.0,0.0,0.0,0.0,0.0,0.0,0.0,0.0,0.0,0.0,0.0
0.0,0.0,0.0,0.0,0.0,0.0,0.0,0.0,0.0,0.0,0.0,0.0,0.0,0.0,0.0,0.0,0.0,0.0,0.0,0.0,0.0,0.0,0.0,0.0,0.0,0.0,0.0,0.0,0.0,0.0,0.0,0.0,0.0,0.0,0.0,0.0,0.0,0.0,0.0,0.0
0.0,0.0,0.0,0.0,0.0,0.0,0.0,0.0,0.0,0.0,0.0,0.0,0.0,0.0,0.0,0.0,0.0,0.0,0.0,0.0,0.0,0.0,0.0,0.0,0.0,0.0,0.0,0.0,0.0,0.0,0.0,0.0,0.0,0.0,0.0,0.0,0.0,0.0,0.0,0.0
0.0,0.0,0.0,0.0,0.0,0.0,0.0,0.0,0.0,0.0,0.0,0.0,0.0,0.0,0.0,0.0,0.0,0.0,0.0,0.0,0.0,0.0,0.0,0.0,0.0,0.0,0.0,0.0,0.0,0.0,0.0,0.0,0.0,0.0,0.0,0.0,0.0,0.0,0.0,0.0
0.0,0.0,0.0,0.0,0.0,0.0,0.0,0.0,0.0,0.0,0.0,0.0,0.0,0.0,0.0,0.0,0.0,0.0,0.0,0.0,0.0,0.0,0.0,0.0,0.0,0.0,0.0,0.0,0.0,0.0,0.0,0.0,0.0,0.0,0.0,0.0,0.0,0.0,0.0,0.0
0.0,0.0,0.0,0.0,0.0,0.0,0.0,0.0,0.0,0.0,0.0,0.0,0.0,0.0,0.0,0.0,0.0,0.0,0.0,0.0,0.0,0.0,0.0,0.0,0.0,0.0,0.0,0.0,0.0,0.0,0.0,0.0,0.0,0.0,0.0,0.0,0.0,0.0,0.0,0.0
0.0,0.0,0.0,0.0,0.0,0.0,0.0,0.0,0.0,0.0,0.0,0.0,0.0,0.0,0.0,0.0,0.0,0.0,0.0,0.0,0.0,0.0,0.0,0.0,0.0,0.0,0.0,0.0,0.0,0.0,0.0,0.0,0.0,0.0,0.0,0.0,0.0,0.0,0.0,0.0
0.0,0.0,0.0,0.0,0.0,0.0,0.0,0.0,0.0,0.0,0.0,0.0,0.0,0.0,0.0,0.0,0.0,0.0,0.0,0.0,0.0,0.0,0.0,0.0,0.0,0.0,0.0,0.0,0.0,0.0,0.0,0.0,0.0,0.0,0.0,0.0,0.0,0.0,0.0,0.0
0.0,0.0,0.0,0.0,0.0,0.0,0.0,0.0,0.0,0.0,0.0,0.0,0.0,0.0,0.0,0.0,0.0,0.0,0.0,0.0,0.0,0.0,0.0,0.0,0.0,0.0,0.0,0.0,0.0,0.0,0.0,0.0,0.0,0.0,0.0,0.0,0.0,0.0,0.0,0.0
0.0,0.0,0.0,0.0,0.0,0.0,0.0,0.0,0.0,0.0,0.0,0.0,0.0,0.0,0.0,0.0,0.0,0.0,0.0,0.0,0.0,0.0,0.0,0.0,0.0,0.0,0.0,0.0,0.0,0.0,0.0,0.0,0.0,0.0,0.0,0.0,0.0,0.0,0.0,0.0
0.0,0.0,0.0,0.0,0.0,0.0,0.0,0.0,0.0,0.0,0.0,0.0,0.0,0.0,0.0,0.0,0.0,0.0,0.0,0.0,0.0,0.0,0.0,0.0,0.0,0.0,0.0,0.0,0.0,0.0,0.0,0.0,0.0,0.0,0.0,0.0,0.0,0.0,0.0,0.0
0.0,0.0,0.0,0.0,0.0,0.0,0.0,0.0,0.0,0.0,0.0,0.0,0.0,0.0,0.0,0.0,0.0,0.0,0.0,0.0,0.0,0.0,0.0,0.0,0.0,0.0,0.0,0.0,0.0,0.0,0.0,0.0,0.0,0.0,0.0,0.0,0.0,0.0,0.0,0.0
0.0,0.0,0.0,0.0,0.0,0.0,0.0,0.0,0.0,0.0,0.0,0.0,0.0,0.0,0.0,0.0,0.0,0.0,0.0,0.0,0.0,0.0,0.0,0.0,0.0,0.0,0.0,0.0,0.0,0.0,0.0,0.0,0.0,0.0,0.0,0.0,0.0,0.0,0.0,0.0
0.0,0.0,0.0,0.0,0.0,0.0,0.0,0.0,0.0,0.0,0.0,0.0,0.0,0.0,0.0,0.0,0.0,0.0,0.0,0.0,0.0,0.0,0.0,0.0,0.0,0.0,0.0,0.0,0.0,0.0,0.0,0.0,0.0,0.0,0.0,0.0,0.0,0.0,0.0,0.0
0.0,0.0,0.0,0.0,0.0,0.0,0.0,0.0,0.0,0.0,0.0,0.0,0.0,0.0,0.0,0.0,0.0,0.0,0.0,0.0,0.0,0.0,0.0,0.0,0.0,0.0,0.0,0.0,0.0,0.0,0.0,0.0,0.0,0.0,0.0,0.0,0.0,0.0,0.0,0.0
0.0,0.0,0.0,0.0,0.0,0.0,0.0,0.0,0.0,0.0,0.0,0.0,0.0,0.0,0.0,0.0,0.0,0.0,0.0,0.0,0.0,0.0,0.0,0.0,0.0,0.0,0.0,0.0,0.0,0.0,0.0,0.0,0.0,0.0,0.0,0.0,0.0,0.0,0.0,0.0
0.0,0.0,0.0,0.0,0.0,0.0,0.0,0.0,0.0,0.0,0.0,0.0,0.0,0.0,0.0,0.0,0.0,0.0,0.0,0.0,0.0,0.0,0.0,0.0,0.0,0.0,0.0,0.0,0.0,0.0,0.0,0.0,0.0,0.0,0.0,0.0,0.0,0.0,0.0,0.0
0.0,0.0,0.0,0.0,0.0,0.0,0.0,0.0,0.0,0.0,0.0,0.0,0.0,0.0,0.0,0.0,0.0,0.0,0.0,0.0,0.0,0.0,0.0,0.0,0.0,0.0,0.0,0.0,0.0,0.0,0.0,0.0,0.0,0.0,0.0,0.0,0.0,0.0,0.0,0.0
0.0,0.0,0.0,0.0,0.0,0.0,0.0,0.0,0.0,0.0,0.0,0.0,0.0,0.0,0.0,0.0,0.0,0.0,0.0,0.0,0.0,0.0,0.0,0.0,0.0,0.0,0.0,0.0,0.0,0.0,0.0,0.0,0.0,0.0,0.0,0.0,0.0,0.0,0.0,0.0
0.0,0.0,0.0,0.0,0.0,0.0,0.0,0.0,0.0,0.0,0.0,0.0,0.0,0.0,0.0,0.0,0.0,0.0,0.0,0.0,0.0,0.0,0.0,0.0,0.0,0.0,0.0,0.0,0.0,0.0,0.0,0.0,0.0,0.0,0.0,0.0,0.0,0.0,0.0,0.0
0.0,0.0,0.0,0.0,0.0,0.0,0.0,0.0,0.0,0.0,0.0,0.0,0.0,0.0,0.0,0.0,0.0,0.0,0.0,0.0,0.0,0.0,0.0,0.0,0.0,0.0,0.0,0.0,0.0,0.0,0.0,0.0,0.0,0.0,0.0,0.0,0.0,0.0,0.0,0.0
0.0,0.0,0.0,0.0,0.0,0.0,0.0,0.0,0.0,0.0,0.0,0.0,0.0,0.0,0.0,0.0,0.0,0.0,0.0,0.0,0.0,0.0,0.0,0.0,0.0,0.0,0.0,0.0,0.0,0.0,0.0,0.0,0.0,0.0,0.0,0.0,0.0,0.0,0.0,0.0
0.0,0.0,0.0,0.0,0.0,0.0,0.0,0.0,0.0,0.0,0.0,0.0,0.0,0.0,0.0,0.0,0.0,0.0,0.0,0.0,0.0,0.0,0.0,0.0,0.0,0.0,0.0,0.0,0.0,0.0,0.0,0.0,0.0,0.0,0.0,0.0,0.0,0.0,0.0,0.0
0.0,0.0,0.0,0.0,0.0,0.0,0.0,0.0,0.0,0.0,0.0,0.0,0.0,0.0,0.0,0.0,0.0,0.0,0.0,0.0,0.0,0.0,0.0,0.0,0.0,0.0,0.0,0.0,0.0,0.0,0.0,0.0,0.0,0.0,0.0,0.0,0.0,0.0,0.0,0.0
0.0,0.0,0.0,0.0,0.0,0.0,0.0,0.0,0.0,0.0,0.0,0.0,0.0,0.0,0.0,0.0,0.0,0.0,0.0,0.0,0.0,0.0,0.0,0.0,0.0,0.0,0.0,0.0,0.0,0.0,0.0,0.0,0.0,0.0,0.0,0.0,0.0,0.0,0.0,0.0
0.0,0.0,0.0,0.0,0.0,0.0,0.0,0.0,0.0,0.0,0.0,0.0,0.0,0.0,0.0,0.0,0.0,0.0,0.0,0.0,0.0,0.0,0.0,0.0,0.0,0.0,0.0,0.0,0.0,0.0,0.0,0.0,0.0,0.0,0.0,0.0,0.0,0.0,0.0,0.0
0.0,0.0,0.0,-0.008,0.0,0.0,-0.004,0.0,0.0,0.0,0.0,0.0,0.0,-0.006,0.0,-0.003,0.0,-0.001,-0.009,0.0,0.0,0.0,0.0,0.0,-0.016,-0.012,-0.007,-0.001,-0.007,0.0,-0.004,-0.001,-0.001,0.0,-0.005,-0.034,0.0,0.0,0.0,0.0
-0.072,-0.026,-0.052,-0.065,-0.049,-0.03,-0.054,-0.017,-0.004,-0.049,-0.041,-0.031,-0.044,-0.062,-0.001,-0.03,-0.005,-0.145,-0.048,-0.025,-0.049,0.0,-0.047,-0.114,-0.06,-0.202,-0.124,-0.023,-0.062,-0.04,-0.261,-0.046,-0.032,-0.093,-0.173,-0.46,-0.012,-0.068,-0.021,0.0
-0.93,-0.094,-0.168,-0.281,-0.392,-0.129,-0.086,-0.339,-0.333,-0.121,-0.123,-0.131,-0.127,-0.198,-0.143,-0.169,-0.151,-1.486,-0.098,-0.46,-1.241,0.0,-0.152,-0.339,-0.123,-0.522,-0.519,-0.15,-0.166,-0.122,-0.503,-0.174,-0.087,-0.295,-0.459,-0.791,-0.107,-0.417,-0.099,-0.003
-0.879,-0.159,-0.828,-0.56,-0.774,-0.224,-0.292,-1.027,-0.978,-0.41,-0.409,-0.39,-0.142,-0.424,-0.349,-1.092,-0.456,-2.386,-0.138,-0.908,-2.073,-0.005,-0.428,-0.636,-0.731,-0.86,-0.869,-1.326,-0.453,-0.235,-1.305,-0.311,-0.315,-0.614,-0.879,-1.267,-0.304,-0.754,-0.366,-0.02
-1.037,-0.257,-1.204,-1.233,-1.35,-0.509,-0.503,-1.802,-1.776,-0.692,-0.795,-0.768,-0.241,-0.745,-0.545,-1.602,-0.704,-3.034,-0.31,-1.236,-2.377,-0.011,-0.869,-0.992,-1.387,-1.184,-1.195,-1.904,-0.562,-0.256,-0.914,-0.41,-0.77,-1.026,-1.259,-1.205,-0.543,-1.022,-0.721,-0.035
-0.474,-0.267,-1.131,-1.421,-1.352,-1.924,-0.994,-2.555,-2.533,-1.066,-1.141,-1.241,-0.267,-1.332,-0.731,-1.852,-0.95,-3.357,-1.275,-1.537,-2.748,-0.335,-1.147,-1.348,-1.729,-1.495,-1.507,-1.506,-0.669,-0.373,-0.687,-0.696,-1.026,-1.347,-1.552,-0.498,-0.797,-1.37,-1.144,-0.057
-1.176,-1.003,-0.301,-0.344,-0.26,-2.858,-1.156,-2.961,-2.933,-1.508,-1.521,-1.562,-0.253,-0.683,-0.935,-2.43,-1.182,-3.544,-2.235,-1.856,-3.086,-1.048,-1.418,-1.684,-2.016,-1.778,-1.79,-1.04,-0.778,-0.537,-0.895,-0.845,-1.266,-1.738,-1.866,-0.529,-1.029,-1.737,-1.544,-0.067
-2.537,-1.734,-1.999,-1.571,-1.558,-2.497,-2.091,-2.063,-2.023,-1.844,-1.842,-1.115,-0.953,-0.617,-1.137,-2.764,-1.42,-3.685,-2.556,-2.139,-3.514,-1.319,-1.659,-1.897,-2.255,-2.02,-2.043,-1.486,-1.562,-0.636,-0.677,-1.855,-1.358,-1.929,-2.017,-0.624,-1.36,-2.091,-1.91,-0.075
-2.996,-1.857,-3.075,-3.478,-2.615,-2.321,-2.134,-2.103,-2.122,-1.252,-1.26,-0.984,-1.36,-1.743,-1.656,-3.047,-1.645,-2.982,-2.79,-2.357,-3.653,-1.548,-1.976,-1.771,-2.502,-2.257,-2.279,-2.659,-2.443,-0.678,-0.778,-2.433,-1.585,-2.228,-2.286,-0.995,-1.608,-2.4,-2.184,-0.081
-3.531,-2.207,-2.2,-3.113,-2.064,-3.514,-2.276,-1.668,-1.654,-1.29,-1.282,-0.811,-1.358,-2.498,-2.377,-3.227,-1.848,-3.944,-2.986,-2.554,-3.741,-1.883,-2.227,-2.019,-2.718,-2.483,-2.507,-1.909,-1.982,-0.662,-0.672,-1.599,-1.864,-1.602,-1.648,-0.755,-1.829,-2.621,-2.392,-0.09
-3.27,-1.82,-0.825,-1.229,-0.839,-3.811,-2.092,-1.207,-1.196,-0.898,-0.89,-1.129,-1.681,-2.682,-2.559,-3.299,-2.017,-4.015,-3.169,-2.724,-3.797,-2.08,-2.371,-2.173,-2.883,-2.687,-2.708,-2.015,-2.623,-0.782,-0.659,-1.32,-1.606,-2.117,-2.162,-2.549,-2.001,-2.829,-2.563,-1.689
-2.368,-1.376,-0.753,-1.02,-0.815,-4.126,-3.212,-1.428,-1.448,-2.598,-2.598,-0.628,-1.731,-2.875,-2.723,-3.387,-2.165,-4.053,-3.342,-2.882,-3.844,-2.252,-2.496,-2.826,-3.047,-2.849,-2.875,-3.17,-3.467,-0.985,-0.813,-0.667,-1.068,-3.358,-3.423,-2.25,-2.344,-3.075,-2.68,-3.343
-1.991,-2.824,-1.317,-1.666,-1.2,-2.913,-3.284,-1.379,-1.442,-2.958,-2.964,-0.671,-2.047,-3.143,-2.512,-3.158,-2.008,-4.073,-3.479,-3.03,-1.82,-2.455,-2.625,-2.968,-3.168,-2.976,-3.006,-2.203,-3.469,-1.369,-0.946,-0.67,-1.775,-3.347,-3.189,-3.486,-2.579,-3.283,-2.695,-3.23
-2.741,-2.692,-3.041,-3.198,-2.628,-2.247,-1.722,-1.455,-1.518,-2.625,-2.63,-0.819,-2.154,-3.292,-2.776,-2.911,-2.172,-4.131,-3.611,-3.144,-3.856,-2.611,-2.751,-2.847,-3.3,-3.132,-3.164,-2.375,-3.553,-2.51,-1.099,-0.718,-2.268,-2.05,-2.084,-3.344,-2.704,-3.383,-2.801,-3.174
-1.939,-2.466,-2.824,-3.122,-2.747,-1.59,-1.094,-2.26,-2.314,-2.988,-2.993,-1.52,-1.901,-3.358,-2.895,-3.184,-2.301,-4.156,-3.711,-3.229,-3.879,-2.746,-2.669,-2.967,-3.424,-3.286,-3.323,-2.294,-3.31,-1.463,-1.028,-0.892,-2.381,-1.072,-1.098,-3.306,-2.963,-3.479,-3.205,-3.248
-1.74,-3.343,-2.67,-3.187,-2.702,-1.561,-1.357,-2.563,-2.631,-2.496,-2.501,-2.376,-2.243,-3.335,-3.253,-3.585,-2.679,-4.209,-3.779,-3.256,-3.874,-2.845,-2.876,-3.336,-3.369,-3.257,-3.29,-2.859,-1.986,-1.1,-0.929,-1.1,-2.604,-2.186,-2.317,-3.345,-3.071,-3.57,-3.22,-3.164
-3.933,-3.274,-2.925,-3.359,-3.136,-1.408,-1.703,-2.863,-2.909,-3.309,-3.318,-2.202,-2.366,-3.212,-3.381,-3.575,-2.765,-4.251,-3.865,-3.395,-3.741,-2.938,-2.716,-3.459,-3.477,-3.317,-3.351,-2.585,-2.177,-1.064,-0.885,-1.014,-2.384,-3.468,-3.599,-3.388,-3.203,-3.633,-3.294,-3.181
