100001,100002,100003,100004,100005,100006,100007,100008,100009,100010,100011,100012,100013,100014,100015,100016,100017,100018,100019,100020,100021,100022,100023,100024,100025,100026,100027,100028,100029,100030,100032,100033,100034,100035,100036,100037,100038,100039,100040
-3.949,-3.391,-4.256,-4.259,-4.382,-4.318,-4.279,-3.265,-3.317,-3.88,-3.797,-3.533,-2.986,-3.352,-3.114,-3.984,-3.133,-4.229,-4.066,-3.354,-4.116,-1.97,-3.457,-3.461,-3.641,-3.667,-3.666,-3.246,-4.3,-4.109,-4.27,-3.602,-3.75,-3.799,-4.052,-3.141,-3.733,-3.347,-2.575
-3.964,-3.548,-4.296,-4.363,-4.475,-4.374,-4.279,-3.386,-3.453,-4.018,-3.937,-3.676,-3.11,-3.498,-3.23,-4.015,-3.335,-4.288,-4.202,-3.539,-4.132,-2.077,-3.599,-3.584,-3.76,-3.807,-3.8,-3.126,-4.334,-4.139,-3.746,-3.75,-3.897,-3.95,-4.006,-3.327,-3.904,-3.492,-2.68
-3.948,-3.718,-4.269,-4.421,-4.461,-4.383,-4.341,-3.5,-3.568,-4.14,-4.063,-3.825,-3.218,-3.657,-3.289,-3.973,-3.424,-4.285,-4.314,-3.695,-4.162,-2.162,-3.71,-3.662,-3.854,-3.911,-3.889,-2.987,-4.337,-4.155,0.0,-3.886,-4.027,-4.067,-4.093,-3.481,-4.09,-3.62,-2.735
-3.953,-3.873,-4.316,-4.465,-4.422,-4.379,-4.327,-3.574,-3.654,-4.286,-4.229,-3.889,-3.305,-3.789,-3.411,-3.991,-3.493,-4.408,-4.396,-3.793,-4.104,-2.254,-3.809,-3.733,-3.92,-4.027,-4.025,-2.861,-4.335,-4.196,-0.902,-4.008,-4.171,-4.216,-4.027,-3.624,-4.234,-3.787,-2.738
-3.929,-3.988,-4.316,-4.447,-4.454,-4.411,-4.302,-3.64,-3.725,-4.377,-4.33,-3.95,-3.408,-3.896,-3.459,-3.986,-3.558,-4.413,-4.465,-3.9,-4.127,-2.328,-3.887,-3.828,-3.992,-4.118,-4.12,-2.707,-4.334,-4.204,-4.281,-4.139,-4.256,-4.319,-4.086,-3.759,-4.334,-2.796,-2.744
-3.951,-4.122,-4.285,-4.46,-4.46,-4.415,-4.351,-3.725,-3.808,-4.465,-4.419,-4.044,-3.506,-3.958,-3.556,-4.005,-3.172,-4.453,-4.533,-3.983,-4.165,-2.397,-3.968,-3.867,-4.089,-4.242,-4.239,-2.534,-4.324,-4.172,-4.268,-4.197,-4.331,-4.389,-4.063,-3.863,-4.414,-2.907,-2.766
-3.96,-4.216,-4.286,-4.461,-4.461,-4.386,-4.359,-3.785,-3.866,-4.541,-4.491,-4.128,-3.544,-4.02,-3.649,-4.055,-2.746,-4.474,-4.609,-4.068,-4.19,-2.45,-3.999,-3.91,-4.1,-4.232,-4.225,-2.351,-4.373,-4.184,-4.285,-4.296,-4.404,-4.459,-4.061,-3.956,-4.479,-2.769,-2.743
-3.953,-4.279,-4.249,-4.438,-4.403,-4.369,-4.331,-3.801,-3.89,-4.549,-4.494,-4.169,-3.58,-4.068,-3.744,-3.701,-3.883,-4.48,-4.617,-4.105,-4.212,-2.483,-4.039,-3.957,-4.146,-4.262,-4.276,-2.154,-4.323,-4.208,-4.272,-4.331,-4.467,-4.505,-4.024,-4.022,-4.524,-4.374,-2.747
-3.995,-4.326,-4.259,-4.426,-4.368,-4.361,-4.293,-3.81,-3.895,-4.545,-4.501,-4.164,-3.66,-4.095,-3.758,-3.855,-3.879,-4.487,-4.614,-4.135,-4.231,-2.504,-4.067,-3.981,-4.161,-4.28,-4.278,-1.946,-4.305,-4.21,-4.276,-4.445,-4.473,-4.507,-4.029,-4.041,-4.534,-3.796,-2.764
-3.914,-4.338,-4.243,-4.42,-4.39,-4.357,-4.302,-3.805,-3.895,-4.574,-4.536,-4.165,-3.781,-4.086,-3.723,-4.034,-3.851,-4.502,-4.621,-4.183,-4.292,-2.522,-4.092,-4.011,-4.152,-4.363,-4.347,-1.716,-4.277,-4.185,-4.273,-4.481,-4.468,-4.45,-3.949,-4.078,-4.549,-2.75,-2.814
-3.924,-4.351,-4.189,-4.359,-4.349,-4.371,-4.331,-2.168,-2.572,-3.088,-3.059,-3.575,-3.767,-4.058,-3.823,-3.141,-3.907,-4.496,-4.58,-4.195,-4.288,-2.526,-4.076,-4.004,-4.098,-4.321,-4.303,-1.486,-4.307,-4.203,-4.249,-4.437,-4.439,-4.497,-3.989,-3.88,-4.544,-1.297,-2.813
-3.979,-4.371,-4.19,-4.362,-4.317,-4.395,-4.314,-4.308,-4.432,-4.57,-4.515,-4.118,-3.686,-4.053,-3.864,-4.197,-3.991,-4.498,-4.543,-4.152,-4.332,-2.519,-4.064,-3.979,-4.099,-4.255,-4.246,-1.256,-4.297,-4.193,-4.262,-4.469,-4.388,-4.439,-3.971,-4.122,-4.559,-2.782,-2.802
-3.929,-4.329,-4.214,-4.353,-4.333,-4.373,-4.341,-4.331,-4.429,-4.537,-4.484,-4.11,-3.615,-4.005,-3.812,-4.185,-3.939,-4.494,-4.471,-4.079,-4.308,-2.515,-4.03,-3.956,-4.06,-4.185,-4.18,-1.034,-4.262,-4.211,-4.279,-4.458,-4.313,-4.408,-3.987,-4.104,-4.535,-2.192,-2.743
-3.99,-4.304,-4.233,-4.362,-4.359,-4.374,-4.365,-4.298,-4.41,-4.469,-4.424,-4.041,-3.595,-3.958,-3.738,-4.158,-3.85,-4.444,-4.394,-4.055,-4.3,-2.485,-3.956,-3.919,-3.992,-4.153,-4.145,-0.825,-4.275,-4.218,-4.241,-4.444,-4.266,-4.343,-3.877,-4.1,-4.476,-1.342,-2.737
-4.045,-4.288,-4.202,-4.373,-4.342,-4.372,-4.351,-4.305,-4.39,-4.396,-4.358,-3.939,-3.57,-3.892,-3.646,-4.123,-3.775,-4.445,-4.31,-4.011,-4.181,-2.439,-3.896,-3.875,-3.909,-4.116,-4.103,-0.636,-4.237,-4.179,-4.284,-4.386,-4.214,-4.285,-3.821,-4.078,-4.41,-1.041,-2.731
-4.057,-4.228,-4.234,-4.395,-4.379,-4.394,-4.362,-4.267,-4.363,-4.319,-4.271,-3.873,-3.523,-3.821,-3.528,-4.136,-3.682,-4.46,-4.197,-3.952,-4.266,-2.37,-3.809,-3.744,-3.816,-4.003,-3.995,-0.488,-4.268,-4.12,-4.276,-4.315,-4.133,-4.218,-3.811,-4.007,-4.299,-0.91,-2.733
-4.04,-4.164,-4.192,-4.369,-4.341,-4.401,-4.361,-4.309,-4.4,-4.209,-4.163,-3.789,-3.486,-3.693,-3.451,-4.141,-3.601,-4.473,-4.051,-3.856,-4.204,-2.316,-3.693,-3.608,-3.692,-3.916,-3.894,-0.396,-4.244,-4.117,-4.24,-4.215,-4.01,-4.09,-3.946,-3.935,-4.173,-0.999,-2.712
-4.044,-4.054,-4.145,-4.332,-4.31,-4.392,-4.337,-4.267,-4.352,-4.104,-4.058,-3.674,-3.398,-3.558,-3.295,-4.186,-3.504,-4.441,-3.898,-3.73,-4.201,-2.255,-3.569,-3.497,-3.544,-3.787,-3.763,-0.37,-4.222,-4.099,-4.239,-4.083,-3.854,-3.93,-3.93,-3.818,-4.08,-2.109,-2.7
-4.021,-3.954,-4.154,-4.307,-4.304,-4.392,-4.332,-4.231,-4.329,-3.932,-3.896,-3.523,-3.298,-3.438,-3.129,-4.188,-3.4,-4.396,-3.708,-3.594,-4.257,-2.17,-3.438,-3.385,-3.384,-3.681,-3.662,-0.364,-4.221,-4.067,-4.222,-3.92,-3.687,-3.746,-3.904,-3.751,-3.929,-0.674,-2.719
-4.014,-3.842,-4.114,-4.226,-4.219,-4.329,-4.288,-4.198,-4.286,-3.725,-3.689,-3.381,-3.195,-3.293,-2.97,-4.198,-3.271,-4.352,-3.507,-3.415,-4.201,-2.08,-3.28,-3.234,-3.216,-3.502,-3.482,-0.352,-4.162,-4.017,-4.215,-3.776,-3.528,-3.567,-3.841,-3.574,-3.762,-0.449,-2.701
-4.017,-3.686,-3.964,-4.254,-4.198,-4.277,-4.242,-4.19,-4.279,-3.522,-3.497,-3.23,-3.053,-3.115,-2.812,-4.154,-3.115,-4.292,-3.311,-3.241,-3.992,-1.943,-3.13,-3.043,-3.047,-3.313,-3.296,-0.339,-4.122,-3.963,-4.17,-3.583,-3.317,-3.358,-3.774,-3.377,-3.581,-1.016,-2.682
-4.011,-3.532,-4.038,-4.213,-4.175,-4.232,-4.175,-4.188,-4.266,-3.332,-3.297,-3.042,-2.902,-2.925,-2.591,-3.983,-2.933,-4.282,-3.056,-3.054,-3.934,-1.783,-2.948,-2.863,-2.858,-3.184,-3.164,-0.322,-4.042,-3.861,-4.106,-3.377,-3.103,-3.141,-3.656,-3.17,-3.373,-2.089,-2.665
-3.965,-3.358,-3.997,-4.128,-4.144,-4.194,-4.118,-4.146,-4.222,-3.15,-3.119,-2.828,-2.758,-2.738,-2.387,-3.902,-2.731,-4.221,-2.801,-2.89,-3.883,-1.664,-2.763,-2.679,-2.684,-2.987,-2.967,-0.307,-3.982,-3.713,-4.085,-3.14,-2.864,-2.893,-3.574,-3.012,-3.124,-1.122,-2.61
-3.921,-3.167,-3.906,-4.092,-4.068,-4.12,-4.035,-4.084,-4.16,-2.906,-2.88,-2.622,-2.573,-2.536,-2.156,-3.941,-2.544,-4.102,-2.555,-2.61,-3.786,-1.525,-2.552,-2.487,-2.448,-2.784,-2.764,-0.297,-3.879,-3.558,-4.053,-2.891,-2.599,-2.633,-3.483,-2.853,-2.865,-1.262,-2.553
-3.886,-2.948,-3.849,-3.979,-3.985,-4.084,-3.932,-4.067,-4.127,-2.653,-2.631,-2.394,-2.392,-2.294,-1.926,-3.755,-2.335,-4.009,-2.287,-2.269,-3.726,-1.36,-2.311,-2.241,-2.186,-2.525,-2.502,-0.29,-3.828,-3.393,-4.025,-2.632,-2.328,-2.368,-3.361,-2.608,-2.596,-1.497,-2.513
-3.805,-2.704,-3.72,-3.922,-3.886,-4.019,-3.815,-3.959,-4.031,-2.378,-2.36,-2.136,-2.186,-2.032,-1.686,-3.596,-2.104,-3.93,-1.991,-1.887,-3.139,-1.174,-2.066,-1.965,-1.911,-2.243,-2.222,-0.281,-3.714,-3.24,-3.967,-2.368,-2.058,-2.092,-3.249,-2.312,-2.254,-1.472,-2.503
-3.722,-2.439,-3.602,-3.796,-3.751,-3.9,-3.661,-3.827,-3.89,-2.078,-2.063,-1.852,-1.964,-1.763,-1.442,-3.382,-1.857,-3.815,-1.686,-1.868,-3.204,-0.981,-1.799,-1.743,-1.621,-1.962,-1.943,-0.269,-3.418,-3.031,-3.883,-2.085,-1.757,-1.787,-3.107,-2.144,-1.664,-1.863,-2.454
-3.597,-2.166,-3.436,-3.657,-3.588,-3.769,-3.499,-3.684,-3.743,-1.773,-1.763,-1.582,-1.732,-1.509,-1.204,-3.134,-1.608,-3.695,-1.369,-1.174,-1.836,-0.794,-1.523,-1.506,-1.336,-1.688,-1.669,-0.256,-2.954,-2.813,-3.771,-1.795,-1.448,-1.474,-2.939,-1.825,-1.1,-1.614,-2.34
-3.389,-1.859,-3.294,-3.287,-3.439,-3.647,-3.288,-3.514,-3.556,-1.469,-1.461,-1.314,-1.425,-1.239,-0.947,-2.853,-1.338,-3.54,-1.067,-0.977,-1.884,-0.657,-1.241,-1.25,-1.053,-1.395,-1.374,-0.241,-2.46,-2.526,-3.589,-1.48,-1.132,-1.157,-2.719,-1.562,-0.471,-1.37,-2.241
-3.096,-1.554,-3.099,-3.027,-3.227,-2.954,-3.046,-3.336,-3.382,-1.164,-1.16,-1.016,-1.075,-0.961,-0.714,-2.581,-1.069,-3.25,-0.78,-0.926,-0.718,-0.481,-0.959,-0.994,-0.777,-1.1,-1.082,-0.223,-1.967,-1.733,-3.397,-1.156,-0.836,-0.858,-2.474,-1.299,-0.273,-1.109,-2.162
-2.789,-1.227,-2.844,-2.707,-2.97,-1.83,-2.51,-3.028,-3.059,-0.86,-0.858,-0.739,-0.708,-0.701,-0.525,-2.239,-0.706,-2.976,-0.521,-0.771,-0.519,-0.318,-0.686,-0.754,-0.526,-0.795,-0.794,-0.203,-1.448,-0.701,-3.137,-0.865,-0.564,-0.586,-2.202,-0.913,-0.246,-0.836,-2.076
-1.468,-0.847,-2.539,-2.423,-2.634,-1.65,-1.932,-2.735,-2.732,-0.578,-0.576,-0.496,-0.418,-0.472,-0.341,-0.733,-0.376,-2.534,-0.321,-0.482,-0.504,-0.171,-0.456,-0.512,-0.313,-0.539,-0.524,-0.178,-0.942,-0.268,-2.806,-0.591,-0.325,-0.348,-1.767,-0.73,-0.192,-0.61,-1.918
-1.194,-0.288,-1.829,-1.691,-2.132,-1.432,-1.356,-2.349,-2.335,-0.341,-0.348,-0.295,-0.274,-0.281,-0.204,-0.127,-0.244,-1.584,-0.199,-0.285,-0.4,-0.056,-0.289,-0.311,-0.163,-0.309,-0.299,-0.147,-0.499,-0.425,-2.38,-0.36,-0.158,-0.183,-0.897,-0.503,-0.165,-0.385,-1.573
-0.917,-0.1,-0.973,-1.056,-1.405,-0.62,-0.811,-1.805,-1.801,-0.182,-0.186,-0.159,-0.185,-0.144,-0.112,-0.097,-0.141,-0.777,-0.136,-0.159,-0.854,-0.022,-0.161,-0.174,-0.093,-0.15,-0.145,-0.108,-0.152,-0.333,-1.862,-0.196,-0.067,-0.098,-0.588,-0.251,-0.126,-0.195,-0.92
-0.598,-0.054,-0.503,-0.569,-0.619,-0.177,-0.356,-0.889,-0.755,-0.097,-0.091,-0.086,-0.105,-0.069,-0.064,-0.062,-0.065,-0.234,-0.084,-0.079,-0.437,-0.001,-0.085,-0.088,-0.057,-0.063,-0.061,-0.066,-0.102,-0.128,-1.016,-0.093,-0.017,-0.051,-0.208,-0.123,-0.084,-0.113,-0.46
-0.146,-0.017,-0.025,-0.125,-0.078,-0.085,-0.086,-0.093,-0.07,-0.044,-0.037,-0.041,-0.04,-0.02,-0.022,-0.021,-0.018,-0.042,-0.028,-0.024,-0.07,0.0,-0.033,-0.036,-0.017,-0.018,-0.017,-0.016,-0.055,-0.037,-0.026,-0.036,0.0,-0.01,-0.034,-0.046,-0.041,-0.052,-0.053
-0.002,0.0,0.0,-0.002,0.0,-0.016,-0.007,-0.019,-0.006,-0.003,-0.002,-0.003,-0.003,-0.001,0.0,0.0,0.0,-0.001,0.0,0.0,-0.008,0.0,-0.002,-0.004,0.0,0.0,0.0,0.0,-0.018,-0.004,-0.001,-0.003,0.0,0.0,0.0,0.0,-0.002,-0.009,-0.013
0.0,0.0,0.0,0.0,0.0,0.0,0.0,0.0,0.0,0.0,0.0,0.0,0.0,0.0,0.0,0.0,0.0,0.0,0.0,0.0,0.0,0.0,0.0,0.0,0.0,0.0,0.0,0.0,0.0,0.0,0.0,0.0,0.0,0.0,0.0,0.0,0.0,0.0,0.0
0.0,0.0,0.0,0.0,0.0,0.0,0.0,0.0,0.0,0.0,0.0,0.0,0.0,0.0,0.0,0.0,0.0,0.0,0.0,0.0,0.0,0.0,0.0,0.0,0.0,0.0,0.0,0.0,0.0,0.0,0.0,0.0,0.0,0.0,0.0,0.0,0.0,0.0,0.0
0.0,0.0,0.0,0.0,0.0,0.0,0.0,0.0,0.0,0.0,0.0,0.0,0.0,0.0,0.0,0.0,0.0,0.0,0.0,0.0,0.0,0.0,0.0,0.0,0.0,0.0,0.0,0.0,0.0,0.0,0.0,0.0,0.0,0.0,0.0,0.0,0.0,0.0,0.0
0.0,0.0,0.0,0.0,0.0,0.0,0.0,0.0,0.0,0.0,0.0,0.0,0.0,0.0,0.0,0.0,0.0,0.0,0.0,0.0,0.0,0.0,0.0,0.0,0.0,0.0,0.0,0.0,0.0,0.0,0.0,0.0,0.0,0.0,0.0,0.0,0.0,0.0,0.0
0.0,0.0,0.0,0.0,0.0,0.0,0.0,0.0,0.0,0.0,0.0,0.0,0.0,0.0,0.0,0.0,0.0,0.0,0.0,0.0,0.0,0.0,0.0,0.0,0.0,0.0,0.0,0.0,0.0,0.0,0.0,0.0,0.0,0.0,0.0,0.0,0.0,0.0,0.0
0.0,0.0,0.0,0.0,0.0,0.0,0.0,0.0,0.0,0.0,0.0,0.0,0.0,0.0,0.0,0.0,0.0,0.0,0.0,0.0,0.0,0.0,0.0,0.0,0.0,0.0,0.0,0.0,0.0,0.0,0.0,0.0,0.0,0.0,0.0,0.0,0.0,0.0,0.0
0.0,0.0,0.0,0.0,0.0,0.0,0.0,0.0,0.0,0.0,0.0,0.0,0.0,0.0,0.0,0.0,0.0,0.0,0.0,0.0,0.0,0.0,0.0,0.0,0.0,0.0,0.0,0.0,0.0,0.0,0.0,0.0,0.0,0.0,0.0,0.0,0.0,0.0,0.0
0.0,0.0,0.0,0.0,0.0,0.0,0.0,0.0,0.0,0.0,0.0,0.0,0.0,0.0,0.0,0.0,0.0,0.0,0.0,0.0,0.0,0.0,0.0,0.0,0.0,0.0,0.0,0.0,0.0,0.0,0.0,0.0,0.0,0.0,0.0,0.0,0.0,0.0,0.0
0.0,0.0,0.0,0.0,0.0,0.0,0.0,0.0,0.0,0.0,0.0,0.0,0.0,0.0,0.0,0.0,0.0,0.0,0.0,0.0,0.0,0.0,0.0,0.0,0.0,0.0,0.0,0.0,0.0,0.0,0.0,0.0,0.0,0.0,0.0,0.0,0.0,0.0,0.0
0.0,0.0,0.0,0.0,0.0,0.0,0.0,0.0,0.0,0.0,0.0,0.0,0.0,0.0,0.0,0.0,0.0,0.0,0.0,0.0,0.0,0.0,0.0,0.0,0.0,0.0,0.0,0.0,0.0,0.0,0.0,0.0,0.0,0.0,0.0,0.0,0.0,0.0,0.0
0.0,0.0,0.0,0.0,0.0,0.0,0.0,0.0,0.0,0.0,0.0,0.0,0.0,0.0,0.0,0.0,0.0,0.0,0.0,0.0,0.0,0.0,0.0,0.0,0.0,0.0,0.0,0.0,0.0,0.0,0.0,0.0,0.0,0.0,0.0,0.0,0.0,0.0,0.0
0.0,0.0,0.0,0.0,0.0,0.0,0.0,0.0,0.0,0.0,0.0,0.0,0.0,0.0,0.0,0.0,0.0,0.0,0.0,0.0,0.0,0.0,0.0,0.0,0.0,0.0,0.0,0.0,0.0,0.0,0.0,0.0,0.0,0.0,0.0,0.0,0.0,0.0,0.0
0.0,0.0,0.0,0.0,0.0,0.0,0.0,0.0,0.0,0.0,0.0,0.0,0.0,0.0,0.0,0.0,0.0,0.0,0.0,0.0,0.0,0.0,0.0,0.0,0.0,0.0,0.0,0.0,0.0,0.0,0.0,0.0,0.0,0.0,0.0,0.0,0.0,0.0,0.0
0.0,0.0,0.0,0.0,0.0,0.0,0.0,0.0,0.0,0.0,0.0,0.0,0.0,0.0,0.0,0.0,0.0,0.0,0.0,0.0,0.0,0.0,0.0,0.0,0.0,0.0,0.0,0.0,0.0,0.0,0.0,0.0,0.0,0.0,0.0,0.0,0.0,0.0,0.0
0.0,0.0,0.0,0.0,0.0,0.0,0.0,0.0,0.0,0.0,0.0,0.0,0.0,0.0,0.0,0.0,0.0,0.0,0.0,0.0,0.0,0.0,0.0,0.0,0.0,0.0,0.0,0.0,0.0,0.0,0.0,0.0,0.0,0.0,0.0,0.0,0.0,0.0,0.0
0.0,0.0,0.0,0.0,0.0,0.0,0.0,0.0,0.0,0.0,0.0,0.0,0.0,0.0,0.0,0.0,0.0,0.0,0.0,0.0,0.0,0.0,0.0,0.0,0.0,0.0,0.0,0.0,0.0,0.0,0.0,0.0,0.0,0.0,0.0,0.0,0.0,0.0,0.0
0.0,0.0,0.0,0.0,0.0,0.0,0.0,0.0,0.0,0.0,0.0,0.0,0.0,0.0,0.0,0.0,0.0,0.0,0.0,0.0,0.0,0.0,0.0,0.0,0.0,0.0,0.0,0.0,0.0,0.0,0.0,0.0,0.0,0.0,0.0,0.0,0.0,0.0,0.0
0.0,0.0,0.0,0.0,0.0,0.0,0.0,0.0,0.0,0.0,0.0,0.0,0.0,0.0,0.0,0.0,0.0,0.0,0.0,0.0,0.0,0.0,0.0,0.0,0.0,0.0,0.0,0.0,0.0,0.0,0.0,0.0,0.0,0.0,0.0,0.0,0.0,0.0,0.0
0.0,0.0,0.0,0.0,0.0,0.0,0.0,0.0,0.0,0.0,0.0,0.0,0.0,0.0,0.0,0.0,0.0,0.0,0.0,0.0,0.0,0.0,0.0,0.0,0.0,0.0,0.0,0.0,0.0,0.0,0.0,0.0,0.0,0.0,0.0,0.0,0.0,0.0,0.0
0.0,0.0,0.0,0.0,0.0,0.0,0.0,0.0,0.0,0.0,0.0,0.0,0.0,0.0,0.0,0.0,0.0,0.0,0.0,0.0,0.0,0.0,0.0,0.0,0.0,0.0,0.0,0.0,0.0,0.0,0.0,0.0,0.0,0.0,0.0,0.0,0.0,0.0,0.0
0.0,0.0,0.0,0.0,0.0,0.0,0.0,0.0,0.0,0.0,0.0,0.0,0.0,0.0,0.0,0.0,0.0,0.0,0.0,0.0,0.0,0.0,0.0,0.0,0.0,0.0,0.0,0.0,0.0,0.0,0.0,0.0,0.0,0.0,0.0,0.0,0.0,0.0,0.0
0.0,0.0,0.0,0.0,0.0,0.0,0.0,0.0,0.0,0.0,0.0,0.0,0.0,0.0,0.0,0.0,0.0,0.0,0.0,0.0,0.0,0.0,0.0,0.0,0.0,0.0,0.0,0.0,0.0,0.0,0.0,0.0,0.0,0.0,0.0,0.0,0.0,0.0,0.0
0.0,0.0,0.0,0.0,0.0,0.0,0.0,0.0,0.0,0.0,0.0,0.0,0.0,0.0,0.0,0.0,0.0,0.0,0.0,0.0,0.0,0.0,0.0,0.0,0.0,0.0,0.0,0.0,0.0,0.0,0.0,0.0,0.0,0.0,0.0,0.0,0.0,0.0,0.0
0.0,0.0,0.0,0.0,0.0,0.0,0.0,0.0,0.0,0.0,0.0,0.0,0.0,0.0,0.0,0.0,0.0,0.0,0.0,0.0,0.0,0.0,0.0,0.0,0.0,0.0,0.0,0.0,0.0,0.0,0.0,0.0,0.0,0.0,0.0,0.0,0.0,0.0,0.0
0.0,0.0,0.0,0.0,0.0,0.0,0.0,0.0,0.0,0.0,0.0,0.0,0.0,0.0,0.0,0.0,0.0,0.0,0.0,0.0,0.0,0.0,0.0,0.0,0.0,0.0,0.0,0.0,0.0,0.0,0.0,0.0,0.0,0.0,0.0,0.0,0.0,0.0,0.0
0.0,0.0,0.0,0.0,0.0,0.0,0.0,0.0,0.0,0.0,0.0,0.0,0.0,0.0,0.0,0.0,0.0,0.0,0.0,0.0,0.0,0.0,0.0,0.0,0.0,0.0,0.0,0.0,0.0,0.0,0.0,0.0,0.0,0.0,0.0,0.0,0.0,0.0,0.0
0.0,0.0,0.0,0.0,0.0,0.0,0.0,0.0,0.0,0.0,0.0,0.0,0.0,0.0,0.0,0.0,0.0,0.0,0.0,0.0,0.0,0.0,0.0,0.0,0.0,0.0,0.0,0.0,0.0,0.0,0.0,0.0,0.0,0.0,0.0,0.0,0.0,0.0,0.0
0.0,0.0,0.0,0.0,0.0,0.0,0.0,0.0,0.0,0.0,0.0,0.0,0.0,0.0,0.0,0.0,0.0,0.0,0.0,0.0,0.0,0.0,0.0,0.0,0.0,0.0,0.0,0.0,0.0,0.0,0.0,0.0,0.0,0.0,0.0,0.0,0.0,0.0,0.0
0.0,0.0,0.0,0.0,0.0,0.0,0.0,0.0,0.0,0.0,0.0,0.0,0.0,0.0,0.0,0.0,0.0,0.0,0.0,0.0,0.0,0.0,0.0,0.0,0.0,0.0,0.0,0.0,0.0,0.0,0.0,0.0,0.0,0.0,0.0,0.0,0.0,0.0,0.0
0.0,0.0,0.0,0.0,0.0,0.0,0.0,0.0,0.0,0.0,0.0,0.0,0.0,0.0,0.0,0.0,0.0,0.0,0.0,0.0,0.0,0.0,0.0,0.0,0.0,0.0,0.0,0.0,0.0,0.0,0.0,0.0,0.0,0.0,0.0,0.0,0.0,0.0,0.0
0.0,0.0,0.0,0.0,0.0,0.0,0.0,0.0,0.0,0.0,0.0,0.0,0.0,0.0,0.0,0.0,0.0,0.0,0.0,0.0,0.0,0.0,0.0,0.0,0.0,0.0,0.0,0.0,0.0,0.0,0.0,0.0,0.0,0.0,0.0,0.0,0.0,0.0,0.0
0.0,0.0,0.0,0.0,0.0,0.0,0.0,0.0,0.0,0.0,0.0,0.0,0.0,0.0,0.0,0.0,0.0,0.0,0.0,0.0,0.0,0.0,0.0,0.0,0.0,0.0,0.0,0.0,0.0,0.0,0.0,0.0,0.0,0.0,0.0,0.0,0.0,0.0,0.0
0.0,0.0,0.0,0.0,0.0,0.0,0.0,0.0,0.0,0.0,0.0,0.0,0.0,0.0,0.0,0.0,0.0,0.0,0.0,0.0,0.0,0.0,0.0,0.0,0.0,0.0,0.0,0.0,0.0,0.0,0.0,0.0,0.0,0.0,0.0,0.0,0.0,0.0,0.0
0.0,0.0,0.0,0.0,0.0,0.0,0.0,0.0,0.0,0.0,0.0,0.0,0.0,0.0,0.0,0.0,0.0,0.0,0.0,0.0,0.0,0.0,0.0,0.0,0.0,0.0,0.0,0.0,0.0,0.0,0.0,0.0,0.0,0.0,0.0,0.0,0.0,0.0,0.0
0.0,0.0,0.0,0.0,0.0,0.0,0.0,0.0,0.0,0.0,0.0,0.0,0.0,0.0,0.0,0.0,0.0,0.0,0.0,0.0,0.0,0.0,0.0,0.0,0.0,0.0,0.0,0.0,0.0,0.0,0.0,0.0,0.0,0.0,0.0,0.0,0.0,0.0,0.0
0.0,0.0,0.0,0.0,0.0,0.0,0.0,0.0,0.0,0.0,0.0,0.0,0.0,0.0,0.0,0.0,0.0,0.0,0.0,0.0,0.0,0.0,0.0,0.0,0.0,0.0,0.0,0.0,0.0,0.0,0.0,0.0,0.0,0.0,0.0,0.0,0.0,0.0,0.0
0.0,0.0,0.0,0.0,0.0,0.0,0.0,0.0,0.0,0.0,0.0,0.0,0.0,0.0,0.0,0.0,0.0,0.0,0.0,0.0,0.0,0.0,0.0,0.0,0.0,0.0,0.0,0.0,0.0,0.0,0.0,0.0,0.0,0.0,0.0,0.0,0.0,0.0,0.0
0.0,0.0,0.0,0.0,0.0,0.0,0.0,0.0,0.0,0.0,0.0,0.0,0.0,0.0,0.0,0.0,0.0,0.0,0.0,0.0,0.0,0.0,0.0,0.0,0.0,0.0,0.0,0.0,0.0,0.0,0.0,0.0,0.0,0.0,0.0,0.0,0.0,0.0,0.0
0.0,0.0,0.0,0.0,0.0,0.0,0.0,0.0,0.0,0.0,0.0,0.0,0.0,0.0,0.0,0.0,0.0,0.0,0.0,0.0,0.0,0.0,0.0,0.0,0.0,0.0,0.0,0.0,0.0,0.0,0.0,0.0,0.0,0.0,0.0,0.0,0.0,0.0,0.0
0.0,0.0,0.0,0.0,0.0,0.0,0.0,0.0,0.0,0.0,0.0,0.0,0.0,0.0,0.0,0.0,0.0,0.0,0.0,0.0,0.0,0.0,0.0,0.0,0.0,0.0,0.0,0.0,0.0,0.0,0.0,0.0,0.0,0.0,0.0,0.0,0.0,0.0,0.0
0.0,0.0,0.0,0.0,0.0,0.0,0.0,0.0,0.0,0.0,0.0,0.0,0.0,0.0,0.0,0.0,0.0,0.0,0.0,0.0,0.0,0.0,0.0,0.0,0.0,0.0,0.0,0.0,0.0,0.0,0.0,0.0,0.0,0.0,0.0,0.0,0.0,0.0,0.0
0.0,0.0,0.0,0.0,0.0,0.0,0.0,0.0,0.0,0.0,0.0,0.0,0.0,0.0,0.0,0.0,0.0,0.0,0.0,0.0,0.0,0.0,0.0,0.0,0.0,0.0,0.0,0.0,0.0,0.0,0.0,0.0,0.0,0.0,0.0,0.0,0.0,0.0,0.0
0.0,-0.001,0.0,0.0,0.0,-0.014,-0.007,-0.003,0.0,-0.003,-0.002,0.0,-0.001,-0.003,0.0,0.0,0.0,0.0,0.0,0.0,0.0,0.0,0.0,0.0,-0.002,0.0,0.0,-0.002,-0.011,0.0,0.0,-0.002,0.0,-0.006,-0.023,0.0,0.0,0.0,0.0
-0.209,-0.023,-0.217,-0.315,-0.264,-0.286,-0.083,-0.389,-0.296,-0.049,-0.042,-0.04,-0.045,-0.035,-0.001,-0.045,-0.004,-0.025,-0.044,-0.01,-0.056,0.0,-0.024,-0.023,-0.056,-0.043,-0.043,-0.417,-0.115,-0.024,-0.036,-0.041,-0.015,-0.051,-0.196,0.0,-0.027,-0.011,-0.001
-1.012,-0.06,-1.014,-1.242,-1.274,-0.807,-0.299,-1.666,-1.438,-0.105,-0.097,-0.111,-0.113,-0.078,-0.05,-0.301,-0.057,-0.383,-0.114,-0.058,-0.534,0.0,-0.075,-0.085,-0.138,-0.103,-0.104,-1.289,-0.261,-0.098,-0.088,-0.093,-0.074,-0.11,-0.69,-0.002,-0.099,-0.063,-0.003
-1.547,-0.087,-1.43,-2.058,-2.136,-1.313,-0.92,-2.325,-2.276,-0.212,-0.194,-0.234,-0.23,-0.156,-0.131,-0.725,-0.154,-1.33,-0.301,-0.154,-1.815,-0.001,-0.189,-0.213,-0.25,-0.216,-0.226,-2.012,-0.446,-0.448,-0.957,-0.162,-0.243,-0.275,-1.205,-0.068,-0.206,-0.165,-0.014
-1.916,-0.115,-2.461,-2.708,-2.657,-2.463,-1.537,-2.808,-2.844,-0.405,-0.372,-0.433,-0.388,-0.306,-0.245,-1.12,-0.303,-2.549,-0.615,-0.296,-2.554,-0.031,-0.367,-0.409,-0.497,-0.378,-0.393,-2.459,-0.603,-0.834,-2.788,-0.294,-0.43,-0.447,-2.223,-0.111,-0.373,-0.338,-0.022
-2.678,-0.173,-2.867,-3.052,-3.009,-2.987,-2.16,-3.151,-3.199,-0.657,-0.621,-0.689,-0.582,-0.54,-0.303,-1.597,-0.492,-3.155,-0.96,-0.522,-2.896,-0.082,-0.607,-0.651,-0.775,-0.616,-0.622,-2.776,-1.059,-1.296,-3.166,-0.496,-0.69,-0.677,-2.679,-0.196,-0.616,-0.584,-0.03
-3.269,-0.286,-3.151,-3.306,-3.259,-3.347,-2.788,-3.429,-3.49,-0.927,-0.923,-0.967,-0.802,-0.785,-0.451,-2.368,-0.74,-3.521,-1.297,-0.804,-3.194,-0.153,-0.885,-0.916,-1.08,-0.909,-0.916,-3.034,-2.844,-1.808,-3.434,-0.756,-0.677,-0.718,-2.97,-0.36,-0.925,-0.854,-0.037
-3.449,-0.516,-3.337,-3.518,-3.474,-3.716,-3.249,-3.645,-3.693,-1.28,-1.229,-1.273,-1.024,-1.059,-0.619,-2.814,-1.013,-3.719,-1.618,-1.095,-3.483,-0.306,-1.151,-1.176,-1.423,-1.222,-1.226,-3.228,-3.201,-2.333,-3.637,-1.01,-0.593,-0.625,-3.226,-0.477,-1.256,-1.12,-0.816
-3.601,-0.853,-3.499,-3.662,-3.641,-3.9,-3.459,-3.866,-3.91,-1.599,-1.542,-1.577,-1.244,-1.34,-1.009,-3.1,-1.294,-3.876,-1.943,-1.381,-3.682,-0.486,-1.422,-1.434,-1.735,-1.543,-1.548,-3.362,-3.406,-2.887,-3.831,-1.306,-0.73,-0.768,-3.434,-0.701,-1.531,-1.431,-2.254
-3.731,-1.266,-3.619,-3.803,-3.761,-4.003,-3.647,-4.037,-4.09,-1.923,-1.864,-1.867,-1.474,-1.609,-1.463,-3.335,-1.57,-3.998,-2.259,-1.683,-3.803,-0.71,-1.702,-1.706,-2.034,-1.861,-1.867,-3.455,-3.585,-3.294,-3.977,-1.618,-1.018,-1.053,-3.615,-1.029,-1.71,-1.743,-2.293
-3.806,-1.599,-3.741,-3.883,-3.877,-4.058,-3.771,-4.16,-4.217,-2.225,-2.161,-2.149,-1.706,-1.871,-1.708,-3.516,-1.814,-4.065,-2.534,-1.966,-3.929,-0.945,-1.976,-1.964,-2.311,-2.166,-2.168,-3.52,-3.726,-3.457,-4.06,-1.913,-1.288,-1.327,-3.722,-1.351,-1.944,-2.024,-2.342
-3.851,-1.904,-3.82,-3.976,-3.949,-4.109,-3.86,-4.187,-4.242,-2.517,-2.447,-2.397,-1.92,-2.131,-1.943,-3.684,-2.069,-4.158,-2.803,-2.24,-4.002,-1.141,-2.237,-2.215,-2.578,-2.448,-2.451,-3.57,-3.879,-3.625,-4.132,-2.189,-1.462,-1.464,-3.852,-1.79,-2.21,-2.275,-2.392
-3.879,-2.197,-3.893,-4.061,-4.017,-4.165,-3.95,-4.16,-4.228,-2.783,-2.716,-2.639,-2.126,-2.361,-2.181,-3.797,-2.3,-4.209,-3.065,-2.484,-4.057,-1.318,-2.482,-2.452,-2.844,-2.724,-2.726,-3.58,-4.012,-3.728,-4.18,-2.457,-1.901,-2.183,-3.9,-2.063,-2.443,-2.508,-2.468
-3.912,-2.474,-3.965,-4.108,-4.058,-4.215,-4.043,-4.147,-4.222,-3.038,-2.977,-2.845,-2.317,-2.592,-2.436,-3.92,-2.519,-4.256,-3.273,-2.716,-4.098,-1.487,-2.696,-2.675,-3.071,-2.971,-2.974,-3.555,-4.105,-3.811,-4.213,-2.718,-2.466,-2.516,-4.001,-2.319,-2.658,-2.735,-2.511
-3.931,-2.721,-4.002,-4.166,-4.099,-4.228,-4.135,-4.148,-4.217,-3.283,-3.212,-3.041,-2.513,-2.787,-2.638,-3.963,-2.73,-4.249,-3.511,-2.93,-4.11,-1.641,-2.937,-2.851,-3.278,-3.217,-3.209,-3.515,-4.172,-3.899,-4.235,-2.958,-2.602,-2.615,-3.97,-2.524,-2.863,-2.942,-2.572
-3.929,-2.962,-4.027,-4.194,-4.118,-4.296,-4.183,-4.161,-4.226,-3.497,-3.425,-3.219,-2.71,-2.973,-2.81,-4.026,-2.927,-4.242,-3.724,-3.136,-4.112,-1.778,-3.186,-3.041,-3.461,-3.425,-3.418,-3.467,-4.236,-3.963,-4.265,-3.206,-2.352,-2.438,-4.019,-2.728,-3.272,-3.109,-2.656
-3.958,-3.182,-4.069,-4.22,-4.131,-4.385,-4.223,-4.203,-4.28,-3.699,-3.631,-3.397,-2.849,-3.151,-2.993,-4.088,-3.088,-4.282,-3.865,-3.316,-4.132,-1.898,-3.365,-3.248,-3.641,-3.615,-3.61,-3.379,-4.258,-4.049,-4.298,-3.437,-2.341,-2.311,-4.003,-2.925,-3.527,-3.257,-2.694
-3.978,-3.381,-4.119,-4.225,-4.185,-4.359,-4.265,-4.243,-4.33,-3.872,-3.795,-3.572,-2.997,-3.351,-3.129,-4.08,-3.236,-4.266,-4.003,-3.508,-4.154,-2.029,-3.516,-3.376,-3.796,-3.812,-3.805,-3.273,-4.292,-4.088,-4.278,-3.598,-3.198,-3.374,-4.06,-3.152,-3.781,-3.379,-2.713
-3.96,-3.55,-4.121,-4.226,-4.256,-4.324,-4.275,-4.26,-4.347,-4.011,-3.935,-3.707,-3.119,-3.505,-3.232,-4.098,-3.366,-4.281,-4.11,-3.663,-4.169,-2.132,-3.664,-3.514,-3.914,-3.959,-3.952,-3.171,-4.321,-4.122,-4.265,-3.738,-2.979,-3.375,-4.024,-3.315,-3.969,-3.51,-2.761
-3.943,-3.709,-4.154,-4.232,-4.232,-4.365,-4.275,-4.255,-4.35,-4.142,-4.074,-3.81,-3.197,-3.642,-3.312,-4.1,-3.489,-4.315,-4.203,-3.759,-4.156,-2.213,-3.761,-3.599,-4.016,-4.099,-4.088,-3.039,-4.331,-4.153,-4.304,-3.894,-3.294,-2.779,-4.044,-3.454,-4.169,-3.629,-2.797
-3.938,-3.87,-4.137,-4.23,-4.261,-4.323,-4.298,-4.305,-4.393,-4.261,-4.201,-3.907,-3.314,-3.733,-3.439,-4.104,-3.607,-4.329,-4.291,-3.935,-4.272,-2.292,-3.814,-3.653,-4.106,-4.222,-4.218,-2.898,-4.352,-4.177,-4.298,-4.016,-4.376,-4.314,-4.007,-3.644,-4.28,-3.734,-2.843
-3.949,-3.978,-4.174,-4.24,-4.297,-4.351,-4.312,-4.33,-4.414,-4.35,-4.294,-3.977,-3.419,-3.817,-3.537,-4.086,-3.696,-4.341,-4.347,-4.063,-4.447,-2.355,-3.972,-3.758,-4.192,-4.304,-4.303,-2.744,-4.355,-4.206,-4.266,-4.129,-3.623,-3.625,-4.062,-3.771,-4.336,-3.842,-2.857
-3.965,-4.07,-4.252,-4.32,-4.405,-4.351,-4.322,-4.336,-4.425,-4.454,-4.41,-4.04,-3.537,-3.915,-3.572,-4.073,-3.765,-4.369,-4.415,-4.19,-4.446,-2.416,-4.087,-3.872,-4.249,-4.393,-4.381,-2.577,-4.314,-4.176,-4.23,-4.236,-2.653,-2.398,-4.026,-3.842,-4.428,-3.899,-2.851
-3.972,-4.142,-4.288,-4.416,-4.424,-4.366,-4.321,-4.317,-4.413,-4.504,-4.442,-4.085,-3.625,-3.961,-3.605,-4.031,-3.845,-4.411,-4.462,-4.277,-4.462,-2.462,-4.138,-3.924,-4.296,-4.473,-4.466,-2.389,-4.358,-4.164,-4.265,-4.301,-4.525,-4.822,-4.047,-3.94,-4.5,-4.014,-2.814
-3.958,-4.247,-4.256,-4.42,-4.386,-4.344,-4.315,-4.325,-4.421,-4.555,-4.502,-4.122,-3.638,-4.011,-3.658,-4.013,-3.881,-4.472,-4.445,-4.359,-4.426,-2.502,-4.197,-3.935,-4.354,-4.522,-4.51,-2.185,-4.316,-4.184,-4.33,-4.351,-4.358,-3.618,-3.995,-3.983,-4.557,-2.436,-2.808
-3.933,-4.271,-4.279,-4.383,-4.404,-4.328,-4.329,-4.321,-4.423,-4.599,-4.564,-4.145,-3.665,-4.064,-3.699,-4.024,-3.912,-4.522,-4.445,-4.401,-4.4,-2.548,-4.205,-4.037,-4.384,-4.55,-4.53,-1.961,-4.288,-4.244,-4.332,-4.419,-4.192,-4.361,-3.993,-4.043,-4.553,-3.453,-2.803
-4.012,-4.334,-4.277,-4.402,-4.416,-4.334,-4.352,-4.332,-4.436,-4.628,-4.588,-4.136,-3.654,-4.062,-3.726,-4.062,-3.927,-4.485,-4.417,-4.412,-4.406,-2.564,-4.214,-4.131,-4.373,-4.553,-4.524,-1.739,-4.277,-4.258,-4.289,-4.452,-2.861,-2.888,-3.995,-4.096,-4.508,-4.066,-2.821
-3.925,-4.325,-4.248,-4.432,-4.423,-4.367,-3.164,-4.334,-4.437,-4.626,-4.567,-4.139,-2.872,-4.066,-3.757,-4.058,-3.925,-4.496,-4.397,-4.394,-4.404,-2.544,-4.218,-4.282,-4.354,-4.555,-4.526,-1.514,-4.292,-4.222,-4.32,-4.467,-4.29,-4.113,-3.983,-4.092,-4.49,-3.995,-2.82
-3.958,-4.359,-4.222,-4.418,-4.385,-4.346,-3.525,-4.352,-4.444,-4.581,-4.527,-4.151,-3.613,-4.06,-3.728,-4.086,-3.924,-4.418,-4.368,-4.377,-4.424,-2.515,-4.242,-3.006,-4.326,-4.562,-4.536,-1.29,-4.296,-4.201,-4.341,-4.479,-4.353,-4.415,-3.935,-4.079,-4.471,-4.0,-2.805
-4.014,-4.344,-4.258,-4.4,-4.451,-4.383,-4.349,-4.165,-4.247,-4.687,-4.63,-4.115,-3.605,-4.023,-3.709,-4.129,-3.898,-4.451,-4.304,-4.337,-4.422,-2.493,-4.105,-2.582,-4.264,-4.53,-4.51,-1.069,-4.281,-4.242,-4.273,-4.451,-4.348,-4.379,-3.975,-4.166,-4.422,-4.032,-2.799
-4.032,-4.328,-4.287,-4.431,-4.402,-4.371,-4.35,-3.832,-3.941,-4.585,-4.542,-3.639,-3.53,-3.952,-3.672,-4.167,-3.87,-4.447,-4.225,-4.264,-4.43,-2.457,-3.66,-3.559,-4.197,-4.458,-4.429,-0.86,-4.231,-4.227,-4.273,-4.405,-4.286,-4.329,-3.959,-4.114,-4.424,-3.939,-2.795
-4.048,-4.25,-4.313,-4.454,-4.458,-3.025,-4.256,-4.282,-4.376,-4.383,-4.338,-3.985,-3.437,-3.856,-3.599,-4.17,-3.807,-4.429,-4.125,-4.21,-4.413,-2.405,-4.12,-3.958,-4.094,-4.375,-4.34,-0.674,-4.253,-4.198,-4.224,-4.335,-4.211,-4.265,-3.944,-4.063,-4.369,-3.841,-2.787
-4.086,-4.217,-4.322,-4.414,-4.478,-3.897,-4.288,-4.226,-4.321,-4.257,-4.209,-3.818,-3.435,-3.754,-3.506,-4.209,-3.747,-4.396,-3.983,-4.14,-4.397,-2.342,-4.029,-3.943,-3.994,-4.267,-4.242,-0.528,-4.235,-4.167,-4.206,-4.261,-4.12,-4.144,-3.898,-4.002,-4.292,-3.738,-2.777
-4.107,-4.14,-4.266,-4.396,-4.412,-4.311,-4.276,-4.175,-4.264,-4.143,-4.095,-3.709,-3.107,-3.646,-3.422,-4.239,-3.629,-4.398,-3.881,-4.043,-4.38,-2.268,-3.888,-3.825,-3.872,-4.154,-4.124,-0.435,-4.228,-4.124,-4.179,-4.141,-3.982,-4.011,-3.883,-3.893,-4.181,-3.815,-2.789
-4.044,-4.057,-4.234,-4.358,-4.38,-4.285,-4.211,-4.147,-4.229,-4.013,-3.961,-3.591,-3.053,-3.523,-3.237,-4.196,-3.508,-4.409,-3.761,-3.921,-4.353,-2.184,-3.78,-3.721,-3.723,-4.018,-3.991,-0.404,-4.177,-4.09,-4.159,-4.01,-3.836,-3.877,-3.925,-3.812,-4.061,-3.761,-2.745
-3.996,-3.916,-4.001,-4.184,-4.139,-4.246,-4.213,-4.129,-4.202,-3.865,-3.813,-3.363,-3.244,-3.403,-3.085,-4.185,-3.396,-4.353,-3.624,-3.766,-4.295,-2.101,-3.65,-3.617,-3.577,-3.861,-3.835,-0.397,-4.202,-4.025,-4.177,-3.769,-3.671,-3.685,-3.894,-3.702,-3.854,-3.581,-2.75
-3.99,-3.793,-4.265,-4.359,-4.424,-4.239,-4.155,-4.12,-4.202,-3.688,-3.642,-3.317,-3.116,-3.238,-2.937,-4.196,-3.248,-4.36,-3.451,-3.593,-4.237,-2.002,-3.5,-3.48,-3.419,-3.701,-3.68,-0.384,-4.177,-3.948,-4.168,-3.686,-3.462,-3.495,-3.096,-3.557,-3.658,-3.284,-2.748
-3.975,-3.659,-4.192,-4.397,-4.324,-4.185,-4.129,-4.198,-4.274,-3.602,-3.558,-3.273,-2.992,-3.084,-2.767,-4.148,-3.086,-4.323,-3.312,-3.418,-4.206,-1.89,-3.325,-3.269,-3.228,-3.533,-3.508,-0.374,-4.107,-3.846,-4.137,-3.478,-3.269,-3.294,-3.701,-3.379,-3.484,-3.061,-2.737
-3.916,-3.501,-4.119,-4.255,-4.222,-4.258,-4.052,-4.04,-4.132,-3.309,-3.272,-2.871,-2.854,-2.867,-2.564,-4.086,-2.909,-4.306,-3.084,-3.214,-4.144,-1.778,-3.113,-3.022,-3.002,-3.313,-3.287,-0.369,-4.021,-3.802,-4.09,-3.296,-3.08,-3.105,-3.335,-3.218,-3.296,-3.034,-2.681
-3.883,-3.312,-4.019,-4.162,-4.145,-4.087,-3.951,-3.664,-3.756,-3.203,-3.168,-2.188,-2.683,-2.667,-2.349,-4.022,-2.719,-4.244,-2.844,-2.966,-4.025,-1.636,-2.883,-2.766,-2.78,-3.097,-3.074,-0.356,-3.921,-3.703,-4.066,-3.064,-2.828,-2.859,-3.565,-3.049,-3.06,-2.815,-2.65
-3.846,-3.108,-3.965,-4.124,-4.103,-3.004,-3.852,-4.07,-4.146,-2.919,-2.894,-2.69,-2.5,-2.429,-2.124,-3.891,-2.509,-4.223,-2.581,-2.73,-3.96,-1.494,-2.643,-2.552,-2.529,-2.855,-2.829,-0.347,-3.824,-3.19,-4.071,-2.809,-2.571,-2.601,-3.436,-2.828,-2.796,-2.406,-2.622
-3.756,-2.877,-3.852,-4.024,-3.991,-2.205,-3.704,-3.91,-3.965,-2.549,-2.529,-2.341,-2.288,-2.178,-1.891,-3.705,-2.271,-4.155,-2.306,-2.468,-3.87,-1.332,-2.373,-2.311,-2.263,-2.616,-2.589,-0.355,-3.651,-1.784,-3.706,-2.555,-2.301,-2.329,-3.307,-2.582,-2.512,-2.341,-2.567
-3.628,-2.609,-3.757,-3.905,-3.909,-2.46,-3.597,-3.796,-3.841,-2.324,-2.311,-2.246,-2.076,-1.926,-1.657,-3.47,-2.037,-4.075,-1.983,-2.204,-3.762,-1.162,-2.12,-2.082,-1.974,-2.344,-2.319,-0.354,-3.563,-0.959,-3.128,-2.273,-2.015,-2.041,-3.155,-2.308,-2.195,-2.055,-2.484
-3.5,-2.363,-3.557,-3.782,-3.716,-1.04,-2.948,-3.518,-3.577,-1.991,-1.982,-1.995,-1.856,-1.68,-1.424,-3.217,-1.785,-3.95,-1.671,-1.869,-3.651,-1.001,-1.862,-1.769,-1.679,-2.045,-2.021,-0.33,-3.289,-0.812,-3.069,-2.01,-1.719,-1.74,-2.993,-2.068,-1.597,-1.813,-2.426
-3.347,-1.962,-3.352,-3.531,-3.498,-0.833,-2.384,-2.833,-2.879,-1.584,-1.572,-1.456,-1.635,-1.444,-1.192,-2.896,-1.519,-3.794,-1.358,-1.439,-3.465,-0.814,-1.584,-1.573,-1.334,-1.696,-1.674,-0.302,-2.841,-0.584,-2.856,-1.74,-1.404,-1.419,-2.789,-1.776,-1.079,-1.516,-2.333
-3.035,-1.793,-3.117,-3.093,-3.257,-0.878,-2.192,-3.428,-3.495,-1.44,-1.432,-1.626,-1.283,-1.179,-0.958,-2.581,-1.255,-3.615,-1.028,-1.096,-3.255,-0.651,-1.29,-0.67,-1.043,-1.388,-1.368,-0.29,-2.398,-2.309,-3.538,-1.458,-1.114,-1.133,-2.545,-1.577,-0.562,-1.297,-2.2
-2.381,-1.415,-2.879,-2.841,-3.022,-1.124,-2.115,-3.14,-3.183,-1.182,-1.178,-1.119,-0.417,-0.926,-0.734,-2.239,-0.986,-3.335,-0.75,-0.869,-2.908,-0.475,-0.897,-0.893,-0.778,-1.09,-1.072,-0.242,-1.944,-1.77,-3.297,-1.146,-0.828,-0.849,-2.264,-1.327,-0.378,-1.015,-2.025
-2.638,-1.037,-2.428,-2.357,-2.57,-1.871,-2.377,-2.891,-2.912,-0.862,-0.859,-0.76,-0.637,-0.675,-0.565,-1.932,-0.694,-1.823,-0.513,-0.648,-2.557,-0.326,-0.78,-0.917,-0.546,-0.817,-0.798,-0.211,-1.435,-0.807,-3.036,-0.871,-0.556,-0.582,-1.96,-0.982,-0.324,-0.762,-1.845
-1.534,-0.856,-1.768,-1.904,-1.822,-1.618,-1.802,-2.621,-2.622,-0.578,-0.576,-0.509,-0.398,-0.512,-0.378,-0.671,-0.421,-2.24,-0.336,-0.411,-2.046,-0.164,-0.498,-0.608,-0.34,-0.56,-0.546,-0.175,-0.898,-0.354,-2.626,-0.581,-0.336,-0.36,-1.532,-0.707,-0.257,-0.531,-1.637
-1.16,-0.351,-1.582,-1.52,-1.797,-1.292,-1.243,-2.168,-2.16,-0.343,-0.35,-0.306,-0.278,-0.326,-0.262,-0.147,-0.283,-0.622,-0.226,-0.277,-1.54,-0.065,-0.226,-0.384,-0.192,-0.311,-0.303,-0.144,-0.493,-0.42,-2.179,-0.374,-0.177,-0.207,-0.659,-0.481,-0.193,-0.324,-1.248
-0.871,-0.148,-0.905,-1.003,-1.226,-0.645,-0.706,-1.528,-1.52,-0.198,-0.198,-0.171,-0.187,-0.172,-0.179,-0.116,-0.194,-0.545,-0.151,-0.179,-1.072,-0.018,-0.17,-0.248,-0.117,-0.167,-0.162,-0.104,-0.168,-0.345,-1.609,-0.211,-0.089,-0.124,-0.308,-0.262,-0.143,-0.189,-0.725
-0.531,-0.08,-0.517,-0.583,-0.603,-0.221,-0.305,-0.709,-0.636,-0.108,-0.103,-0.1,-0.111,-0.096,-0.104,-0.073,-0.105,-0.196,-0.095,-0.104,-0.489,-0.001,-0.122,-0.143,-0.064,-0.074,-0.071,-0.065,-0.109,-0.151,-0.796,-0.11,-0.028,-0.066,-0.198,-0.123,-0.098,-0.112,-0.364
-0.133,-0.024,-0.051,-0.136,-0.093,-0.095,-0.075,-0.114,-0.091,-0.048,-0.041,-0.045,-0.047,-0.033,-0.035,-0.021,-0.031,-0.073,-0.035,-0.034,-0.132,0.0,-0.06,-0.074,-0.013,-0.018,-0.017,-0.014,-0.056,-0.039,-0.013,-0.043,0.0,-0.014,-0.076,-0.034,-0.041,-0.056,-0.101
-0.001,0.0,0.0,-0.001,0.0,-0.012,-0.006,-0.017,-0.007,-0.003,-0.002,-0.002,-0.003,-0.001,0.0,0.0,0.0,-0.003,0.0,0.0,-0.018,0.0,-0.008,-0.014,0.0,0.0,0.0,0.0,-0.013,-0.004,0.0,-0.002,0.0,0.0,-0.003,0.0,0.0,-0.009,-0.012
0.0,0.0,0.0,0.0,0.0,0.0,0.0,0.0,0.0,0.0,0.0,0.0,0.0,0.0,0.0,0.0,0.0,0.0,0.0,0.0,0.0,0.0,0.0,0.0,0.0,0.0,0.0,0.0,0.0,0.0,0.0,0.0,0.0,0.0,0.0,0.0,0.0,0.0,0.0
0.0,0.0,0.0,0.0,0.0,0.0,0.0,0.0,0.0,0.0,0.0,0.0,0.0,0.0,0.0,0.0,0.0,0.0,0.0,0.0,0.0,0.0,0.0,0.0,0.0,0.0,0.0,0.0,0.0,0.0,0.0,0.0,0.0,0.0,0.0,0.0,0.0,0.0,0.0
0.0,0.0,0.0,0.0,0.0,0.0,0.0,0.0,0.0,0.0,0.0,0.0,0.0,0.0,0.0,0.0,0.0,0.0,0.0,0.0,0.0,0.0,0.0,0.0,0.0,0.0,0.0,0.0,0.0,0.0,0.0,0.0,0.0,0.0,0.0,0.0,0.0,0.0,0.0
0.0,0.0,0.0,0.0,0.0,0.0,0.0,0.0,0.0,0.0,0.0,0.0,0.0,0.0,0.0,0.0,0.0,0.0,0.0,0.0,0.0,0.0,0.0,0.0,0.0,0.0,0.0,0.0,0.0,0.0,0.0,0.0,0.0,0.0,0.0,0.0,0.0,0.0,0.0
0.0,0.0,0.0,0.0,0.0,0.0,0.0,0.0,0.0,0.0,0.0,0.0,0.0,0.0,0.0,0.0,0.0,0.0,0.0,0.0,0.0,0.0,0.0,0.0,0.0,0.0,0.0,0.0,0.0,0.0,0.0,0.0,0.0,0.0,0.0,0.0,0.0,0.0,0.0
0.0,0.0,0.0,0.0,0.0,0.0,0.0,0.0,0.0,0.0,0.0,0.0,0.0,0.0,0.0,0.0,0.0,0.0,0.0,0.0,0.0,0.0,0.0,0.0,0.0,0.0,0.0,0.0,0.0,0.0,0.0,0.0,0.0,0.0,0.0,0.0,0.0,0.0,0.0
0.0,0.0,0.0,0.0,0.0,0.0,0.0,0.0,0.0,0.0,0.0,0.0,0.0,0.0,0.0,0.0,0.0,0.0,0.0,0.0,0.0,0.0,0.0,0.0,0.0,0.0,0.0,0.0,0.0,0.0,0.0,0.0,0.0,0.0,0.0,0.0,0.0,0.0,0.0
0.0,0.0,0.0,0.0,0.0,0.0,0.0,0.0,0.0,0.0,0.0,0.0,0.0,0.0,0.0,0.0,0.0,0.0,0.0,0.0,0.0,0.0,0.0,0.0,0.0,0.0,0.0,0.0,0.0,0.0,0.0,0.0,0.0,0.0,0.0,0.0,0.0,0.0,0.0
0.0,0.0,0.0,0.0,0.0,0.0,0.0,0.0,0.0,0.0,0.0,0.0,0.0,0.0,0.0,0.0,0.0,0.0,0.0,0.0,0.0,0.0,0.0,0.0,0.0,0.0,0.0,0.0,0.0,0.0,0.0,0.0,0.0,0.0,0.0,0.0,0.0,0.0,0.0
0.0,0.0,0.0,0.0,0.0,0.0,0.0,0.0,0.0,0.0,0.0,0.0,0.0,0.0,0.0,0.0,0.0,0.0,0.0,0.0,0.0,0.0,0.0,0.0,0.0,0.0,0.0,0.0,0.0,0.0,0.0,0.0,0.0,0.0,0.0,0.0,0.0,0.0,0.0
0.0,0.0,0.0,0.0,0.0,0.0,0.0,0.0,0.0,0.0,0.0,0.0,0.0,0.0,0.0,0.0,0.0,0.0,0.0,0.0,0.0,0.0,0.0,0.0,0.0,0.0,0.0,0.0,0.0,0.0,0.0,0.0,0.0,0.0,0.0,0.0,0.0,0.0,0.0
0.0,0.0,0.0,0.0,0.0,0.0,0.0,0.0,0.0,0.0,0.0,0.0,0.0,0.0,0.0,0.0,0.0,0.0,0.0,0.0,0.0,0.0,0.0,0.0,0.0,0.0,0.0,0.0,0.0,0.0,0.0,0.0,0.0,0.0,0.0,0.0,0.0,0.0,0.0
0.0,0.0,0.0,0.0,0.0,0.0,0.0,0.0,0.0,0.0,0.0,0.0,0.0,0.0,0.0,0.0,0.0,0.0,0.0,0.0,0.0,0.0,0.0,0.0,0.0,0.0,0.0,0.0,0.0,0.0,0.0,0.0,0.0,0.0,0.0,0.0,0.0,0.0,0.0
0.0,0.0,0.0,0.0,0.0,0.0,0.0,0.0,0.0,0.0,0.0,0.0,0.0,0.0,0.0,0.0,0.0,0.0,0.0,0.0,0.0,0.0,0.0,0.0,0.0,0.0,0.0,0.0,0.0,0.0,0.0,0.0,0.0,0.0,0.0,0.0,0.0,0.0,0.0
0.0,0.0,0.0,0.0,0.0,0.0,0.0,0.0,0.0,0.0,0.0,0.0,0.0,0.0,0.0,0.0,0.0,0.0,0.0,0.0,0.0,0.0,0.0,0.0,0.0,0.0,0.0,0.0,0.0,0.0,0.0,0.0,0.0,0.0,0.0,0.0,0.0,0.0,0.0
0.0,0.0,0.0,0.0,0.0,0.0,0.0,0.0,0.0,0.0,0.0,0.0,0.0,0.0,0.0,0.0,0.0,0.0,0.0,0.0,0.0,0.0,0.0,0.0,0.0,0.0,0.0,0.0,0.0,0.0,0.0,0.0,0.0,0.0,0.0,0.0,0.0,0.0,0.0
0.0,0.0,0.0,0.0,0.0,0.0,0.0,0.0,0.0,0.0,0.0,0.0,0.0,0.0,0.0,0.0,0.0,0.0,0.0,0.0,0.0,0.0,0.0,0.0,0.0,0.0,0.0,0.0,0.0,0.0,0.0,0.0,0.0,0.0,0.0,0.0,0.0,0.0,0.0
0.0,0.0,0.0,0.0,0.0,0.0,0.0,0.0,0.0,0.0,0.0,0.0,0.0,0.0,0.0,0.0,0.0,0.0,0.0,0.0,0.0,0.0,0.0,0.0,0.0,0.0,0.0,0.0,0.0,0.0,0.0,0.0,0.0,0.0,0.0,0.0,0.0,0.0,0.0
0.0,0.0,0.0,0.0,0.0,0.0,0.0,0.0,0.0,0.0,0.0,0.0,0.0,0.0,0.0,0.0,0.0,0.0,0.0,0.0,0.0,0.0,0.0,0.0,0.0,0.0,0.0,0.0,0.0,0.0,0.0,0.0,0.0,0.0,0.0,0.0,0.0,0.0,0.0
0.0,0.0,0.0,0.0,0.0,0.0,0.0,0.0,0.0,0.0,0.0,0.0,0.0,0.0,0.0,0.0,0.0,0.0,0.0,0.0,0.0,0.0,0.0,0.0,0.0,0.0,0.0,0.0,0.0,0.0,0.0,0.0,0.0,0.0,0.0,0.0,0.0,0.0,0.0
0.0,0.0,0.0,0.0,0.0,0.0,0.0,0.0,0.0,0.0,0.0,0.0,0.0,0.0,0.0,0.0,0.0,0.0,0.0,0.0,0.0,0.0,0.0,0.0,0.0,0.0,0.0,0.0,0.0,0.0,0.0,0.0,0.0,0.0,0.0,0.0,0.0,0.0,0.0
0.0,0.0,0.0,0.0,0.0,0.0,0.0,0.0,0.0,0.0,0.0,0.0,0.0,0.0,0.0,0.0,0.0,0.0,0.0,0.0,0.0,0.0,0.0,0.0,0.0,0.0,0.0,0.0,0.0,0.0,0.0,0.0,0.0,0.0,0.0,0.0,0.0,0.0,0.0
0.0,0.0,0.0,0.0,0.0,0.0,0.0,0.0,0.0,0.0,0.0,0.0,0.0,0.0,0.0,0.0,0.0,0.0,0.0,0.0,0.0,0.0,0.0,0.0,0.0,0.0,0.0,0.0,0.0,0.0,0.0,0.0,0.0,0.0,0.0,0.0,0.0,0.0,0.0
0.0,0.0,0.0,0.0,0.0,0.0,0.0,0.0,0.0,0.0,0.0,0.0,0.0,0.0,0.0,0.0,0.0,0.0,0.0,0.0,0.0,0.0,0.0,0.0,0.0,0.0,0.0,0.0,0.0,0.0,0.0,0.0,0.0,0.0,0.0,0.0,0.0,0.0,0.0
0.0,0.0,0.0,0.0,0.0,0.0,0.0,0.0,0.0,0.0,0.0,0.0,0.0,0.0,0.0,0.0,0.0,0.0,0.0,0.0,0.0,0.0,0.0,0.0,0.0,0.0,0.0,0.0,0.0,0.0,0.0,0.0,0.0,0.0,0.0,0.0,0.0,0.0,0.0
0.0,0.0,0.0,0.0,0.0,0.0,0.0,0.0,0.0,0.0,0.0,0.0,0.0,0.0,0.0,0.0,0.0,0.0,0.0,0.0,0.0,0.0,0.0,0.0,0.0,0.0,0.0,0.0,0.0,0.0,0.0,0.0,0.0,0.0,0.0,0.0,0.0,0.0,0.0
0.0,0.0,0.0,0.0,0.0,0.0,0.0,0.0,0.0,0.0,0.0,0.0,0.0,0.0,0.0,0.0,0.0,0.0,0.0,0.0,0.0,0.0,0.0,0.0,0.0,0.0,0.0,0.0,0.0,0.0,0.0,0.0,0.0,0.0,0.0,0.0,0.0,0.0,0.0
0.0,0.0,0.0,0.0,0.0,0.0,0.0,0.0,0.0,0.0,0.0,0.0,0.0,0.0,0.0,0.0,0.0,0.0,0.0,0.0,0.0,0.0,0.0,0.0,0.0,0.0,0.0,0.0,0.0,0.0,0.0,0.0,0.0,0.0,0.0,0.0,0.0,0.0,0.0
0.0,0.0,0.0,0.0,0.0,0.0,0.0,0.0,0.0,0.0,0.0,0.0,0.0,0.0,0.0,0.0,0.0,0.0,0.0,0.0,0.0,0.0,0.0,0.0,0.0,0.0,0.0,0.0,0.0,0.0,0.0,0.0,0.0,0.0,0.0,0.0,0.0,0.0,0.0
0.0,0.0,0.0,0.0,0.0,0.0,0.0,0.0,0.0,0.0,0.0,0.0,0.0,0.0,0.0,0.0,0.0,0.0,0.0,0.0,0.0,0.0,0.0,0.0,0.0,0.0,0.0,0.0,0.0,0.0,0.0,0.0,0.0,0.0,0.0,0.0,0.0,0.0,0.0
0.0,0.0,0.0,0.0,0.0,0.0,0.0,0.0,0.0,0.0,0.0,0.0,0.0,0.0,0.0,0.0,0.0,0.0,0.0,0.0,0.0,0.0,0.0,0.0,0.0,0.0,0.0,0.0,0.0,0.0,0.0,0.0,0.0,0.0,0.0,0.0,0.0,0.0,0.0
0.0,0.0,0.0,0.0,0.0,0.0,0.0,0.0,0.0,0.0,0.0,0.0,0.0,0.0,0.0,0.0,0.0,0.0,0.0,0.0,0.0,0.0,0.0,0.0,0.0,0.0,0.0,0.0,0.0,0.0,0.0,0.0,0.0,0.0,0.0,0.0,0.0,0.0,0.0
0.0,0.0,0.0,0.0,0.0,0.0,0.0,0.0,0.0,0.0,0.0,0.0,0.0,0.0,0.0,0.0,0.0,0.0,0.0,0.0,0.0,0.0,0.0,0.0,0.0,0.0,0.0,0.0,0.0,0.0,0.0,0.0,0.0,0.0,0.0,0.0,0.0,0.0,0.0
0.0,0.0,0.0,0.0,0.0,0.0,0.0,0.0,0.0,0.0,0.0,0.0,0.0,0.0,0.0,0.0,0.0,0.0,0.0,0.0,0.0,0.0,0.0,0.0,0.0,0.0,0.0,0.0,0.0,0.0,0.0,0.0,0.0,0.0,0.0,0.0,0.0,0.0,0.0
0.0,0.0,0.0,0.0,0.0,0.0,0.0,0.0,0.0,0.0,0.0,0.0,0.0,0.0,0.0,0.0,0.0,0.0,0.0,0.0,0.0,0.0,0.0,0.0,0.0,0.0,0.0,0.0,0.0,0.0,0.0,0.0,0.0,0.0,0.0,0.0,0.0,0.0,0.0
0.0,0.0,0.0,0.0,0.0,0.0,0.0,0.0,0.0,0.0,0.0,0.0,0.0,0.0,0.0,0.0,0.0,0.0,0.0,0.0,0.0,0.0,0.0,0.0,0.0,0.0,0.0,0.0,0.0,0.0,0.0,0.0,0.0,0.0,0.0,0.0,0.0,0.0,0.0
0.0,0.0,0.0,0.0,0.0,0.0,0.0,0.0,0.0,0.0,0.0,0.0,0.0,0.0,0.0,0.0,0.0,0.0,0.0,0.0,0.0,0.0,0.0,0.0,0.0,0.0,0.0,0.0,0.0,0.0,0.0,0.0,0.0,0.0,0.0,0.0,0.0,0.0,0.0
0.0,0.0,0.0,0.0,0.0,0.0,0.0,0.0,0.0,0.0,0.0,0.0,0.0,0.0,0.0,0.0,0.0,0.0,0.0,0.0,0.0,0.0,0.0,0.0,0.0,0.0,0.0,0.0,0.0,0.0,0.0,0.0,0.0,0.0,0.0,0.0,0.0,0.0,0.0
0.0,0.0,0.0,0.0,0.0,0.0,0.0,0.0,0.0,0.0,0.0,0.0,0.0,0.0,0.0,0.0,0.0,0.0,0.0,0.0,0.0,0.0,0.0,0.0,0.0,0.0,0.0,0.0,0.0,0.0,0.0,0.0,0.0,0.0,0.0,0.0,0.0,0.0,0.0
0.0,0.0,0.0,0.0,0.0,0.0,0.0,0.0,0.0,0.0,0.0,0.0,0.0,0.0,0.0,0.0,0.0,0.0,0.0,0.0,0.0,0.0,0.0,0.0,0.0,0.0,0.0,0.0,0.0,0.0,0.0,0.0,0.0,0.0,0.0,0.0,0.0,0.0,0.0
0.0,0.0,0.0,0.0,0.0,0.0,0.0,0.0,0.0,0.0,0.0,0.0,0.0,0.0,0.0,0.0,0.0,0.0,0.0,0.0,0.0,0.0,0.0,0.0,0.0,0.0,0.0,0.0,0.0,0.0,0.0,0.0,0.0,0.0,0.0,0.0,0.0,0.0,0.0
0.0,0.0,0.0,0.0,0.0,0.0,0.0,0.0,0.0,0.0,0.0,0.0,0.0,0.0,0.0,0.0,0.0,0.0,0.0,0.0,0.0,0.0,0.0,0.0,0.0,0.0,0.0,0.0,0.0,0.0,0.0,0.0,0.0,0.0,0.0,0.0,0.0,0.0,0.0
0.0,-0.014,-0.039,-0.079,-0.049,-0.046,-0.04,-0.02,-0.009,-0.016,-0.012,-0.021,-0.005,-0.002,0.0,0.0,0.0,0.0,0.0,0.0,0.0,0.0,0.0,0.0,0.0,0.0,0.0,-0.004,-0.013,0.0,-0.011,-0.004,0.0,-0.008,-0.083,0.0,0.0,0.0,0.0
-0.103,-0.073,-0.246,-0.293,-0.291,-0.299,-0.164,-0.229,-0.198,-0.103,-0.096,-0.13,-0.055,-0.035,0.0,-0.008,-0.001,-0.029,-0.035,0.0,-0.006,0.0,-0.009,-0.008,-0.039,-0.033,-0.034,-0.06,-0.06,-0.03,-0.101,-0.035,-0.062,-0.097,-0.373,0.0,-0.003,-0.017,0.0
-0.185,-0.143,-0.407,-0.413,-0.47,-0.647,-0.408,-0.631,-0.578,-0.161,-0.154,-0.219,-0.132,-0.092,-0.032,-0.118,-0.064,-0.11,-0.108,-0.045,-0.095,0.0,-0.074,-0.075,-0.118,-0.119,-0.119,-0.086,-0.103,-0.068,-0.164,-0.083,-0.198,-0.234,-0.748,-0.038,-0.05,-0.117,-0.023
-0.278,-0.192,-0.279,-0.334,-0.313,-0.705,-0.616,-1.096,-1.047,-0.242,-0.23,-0.279,-0.209,-0.158,-0.236,-0.721,-0.258,-0.186,-0.179,-0.151,-0.783,-0.002,-0.148,-0.142,-0.207,-0.218,-0.217,-0.148,-0.168,-0.249,-0.499,-0.117,-0.336,-0.37,-1.218,-0.1,-0.122,-0.211,-0.082
-0.405,-0.284,-0.38,-0.438,-0.456,-1.355,-1.14,-1.421,-1.416,-0.417,-0.4,-0.529,-0.29,-0.228,-0.361,-1.098,-0.391,-0.232,-0.244,-0.336,-2.13,-0.044,-0.178,-0.188,-0.317,-0.329,-0.327,-0.339,-0.304,-0.239,-0.457,-0.203,-0.649,-0.678,-1.527,-0.114,-0.204,-0.435,-0.151
-0.543,-0.384,-0.53,-0.548,-0.671,-1.873,-0.994,-2.385,-2.403,-0.654,-0.63,-0.712,-0.453,-0.291,-0.458,-1.518,-0.53,-0.341,-0.398,-0.514,-2.615,-0.115,-0.24,-0.389,-0.468,-0.49,-0.488,-1.63,-1.032,-0.758,-1.511,-0.332,-0.873,-0.906,-1.725,-0.343,-0.5,-0.731,-0.263
-1.34,-0.433,-0.874,-0.748,-1.054,-2.916,-1.729,-2.553,-2.582,-0.829,-0.815,-0.913,-0.588,-0.365,-0.637,-2.237,-0.758,-0.621,-0.498,-0.758,-2.917,-0.17,-0.399,-0.639,-0.588,-0.622,-0.618,-1.864,-2.079,-1.268,-2.086,-0.676,-1.089,-1.125,-2.331,-0.537,-0.846,-0.657,-0.31
-2.686,-0.68,-1.838,-1.651,-1.941,-3.278,-2.585,-2.731,-2.764,-1.117,-1.083,-1.299,-0.665,-0.53,-0.905,-2.521,-0.971,-0.688,-0.702,-1.04,-3.308,-0.305,-0.696,-0.893,-0.689,-0.723,-0.717,-1.051,-1.224,-1.202,-1.675,-0.625,-1.299,-1.33,-2.543,-0.727,-1.171,-1.096,-1.299
-2.804,-1.014,-3.002,-3.059,-3.135,-3.651,-2.064,-3.639,-3.716,-1.664,-1.614,-1.348,-0.89,-0.602,-1.164,-2.832,-1.228,-0.925,-0.766,-1.224,-3.506,-0.495,-1.352,-1.415,-0.836,-0.887,-0.88,-1.219,-1.018,-1.797,-2.046,-0.902,-1.299,-1.328,-2.656,-0.888,-1.535,-1.365,-1.868
-1.44,-1.212,-2.866,-2.809,-2.977,-2.693,-2.468,-3.264,-3.335,-1.59,-1.545,-1.585,-0.681,-0.629,-1.437,-3.192,-1.531,-0.869,-1.017,-1.476,-3.669,-0.694,-1.035,-1.611,-0.888,-0.953,-0.948,-1.985,-2.884,-2.884,-3.149,-0.655,-1.359,-1.412,-2.932,-1.141,-1.73,-1.546,-2.037
-1.706,-0.951,-1.73,-1.771,-1.809,-3.246,-3.025,-2.601,-2.648,-1.646,-1.607,-1.42,-1.161,-0.737,-1.689,-3.439,-1.795,-1.372,-1.554,-1.551,-3.791,-0.904,-1.69,-1.827,-1.034,-1.093,-1.087,-3.193,-3.686,-2.281,-3.285,-1.07,-1.579,-1.494,-3.306,-1.539,-1.936,-1.929,-2.136
-1.591,-1.708,-2.331,-2.631,-2.446,-2.457,-3.122,-1.934,-1.955,-1.968,-1.92,-1.488,-1.194,-0.96,-1.928,-3.604,-2.022,-1.784,-1.579,-1.863,-3.944,-1.093,-1.318,-2.124,-1.3,-1.361,-1.354,-3.529,-3.769,-3.495,-3.374,-1.652,-1.023,-1.133,-3.718,-1.804,-2.214,-2.216,-2.279
-2.969,-2.072,-2.219,-2.415,-2.317,-3.102,-2.442,-4.17,-4.229,-2.686,-2.621,-2.399,-1.842,-1.74,-2.15,-3.679,-2.251,-1.789,-1.677,-2.247,-3.945,-1.257,-2.39,-2.265,-1.545,-1.618,-1.61,-3.431,-3.816,-3.605,-4.088,-2.388,-1.175,-1.25,-3.129,-1.746,-2.442,-2.454,-2.393
-1.877,-1.405,-2.556,-2.665,-2.665,-3.571,-4.086,-4.176,-4.255,-2.888,-2.831,-2.889,-2.344,-2.383,-2.429,-3.855,-2.51,-3.05,-2.436,-2.51,-4.063,-1.43,-2.501,-2.472,-1.464,-1.534,-1.527,-3.405,-3.905,-3.666,-4.114,-2.581,-1.821,-1.952,-2.762,-2.222,-2.657,-2.632,-2.35
-2.262,-2.303,-1.913,-2.197,-2.044,-3.613,-4.184,-3.233,-3.289,-2.924,-2.861,-2.46,-2.458,-2.614,-2.68,-4.042,-2.768,-3.731,-2.931,-2.852,-4.064,-1.564,-2.85,-2.719,-1.528,-1.589,-1.584,-3.397,-3.968,-3.747,-4.097,-2.864,-2.238,-2.344,-2.12,-2.535,-2.861,-2.96,-2.607
-2.762,-2.991,-2.418,-2.64,-2.536,-4.245,-3.917,-4.199,-4.285,-3.412,-3.346,-3.191,-2.5,-2.776,-2.805,-4.053,-2.924,-3.892,-2.922,-3.139,-4.1,-1.711,-3.027,-2.893,-1.858,-1.953,-1.946,-3.338,-4.075,-3.823,-4.104,-3.136,-2.827,-2.72,-3.093,-2.78,-3.228,-3.12,-2.436
-4.0,-2.989,-2.639,-3.175,-2.74,-4.226,-4.176,-4.129,-4.207,-3.592,-3.534,-3.313,-2.634,-2.105,-3.015,-4.133,-3.156,-4.627,-3.063,-3.329,-4.091,-1.836,-3.188,-3.171,-2.07,-2.205,-2.197,-3.259,-4.11,-3.891,-4.15,-3.313,-2.296,-2.289,-4.051,-2.949,-3.492,-3.225,-2.469
-3.956,-3.356,-3.958,-3.834,-4.078,-4.212,-4.176,-4.156,-4.248,-3.765,-3.701,-3.455,-2.466,-2.062,-2.981,-3.95,-3.117,-4.529,-3.181,-3.379,-4.004,-1.941,-3.378,-3.043,-2.403,-2.47,-2.461,-3.179,-4.145,-3.942,-4.174,-3.491,-1.737,-1.764,-3.869,-3.171,-3.706,-3.344,-2.344
-3.885,-3.522,-4.305,-4.419,-4.482,-4.266,-4.219,-4.199,-4.286,-3.929,-3.857,-3.594,-2.787,-2.896,-3.12,-3.958,-3.28,-4.316,-3.23,-3.612,-4.139,-2.07,-3.462,-3.556,-2.064,-2.21,-2.202,-3.084,-4.167,-3.967,-4.124,-3.671,-1.926,-1.94,-3.83,-3.367,-3.647,-3.656,-2.458
-3.855,-3.648,-4.281,-4.406,-4.439,-4.292,-4.228,-4.207,-4.302,-4.073,-4.0,-3.725,-3.166,-2.844,-3.391,-4.149,-3.562,-4.481,-3.278,-3.748,-4.138,-2.147,-3.472,-3.321,-2.024,-2.113,-2.101,-2.96,-4.206,-3.998,-3.774,-3.87,-2.405,-2.564,-4.033,-3.381,-3.783,-3.82,-2.594
-3.883,-3.805,-4.304,-4.385,-4.456,-4.33,-4.253,-4.2,-4.286,-4.2,-4.136,-3.804,-3.281,-3.467,-3.353,-4.017,-3.549,-4.462,-3.402,-3.838,-4.141,-2.248,-3.537,-3.806,-2.156,-2.274,-2.257,-2.827,-4.254,-4.041,-4.18,-3.999,-4.218,-4.146,-3.993,-3.479,-4.123,-3.849,-2.69
-3.857,-3.93,-4.296,-4.367,-4.468,-4.322,-4.296,-4.198,-4.288,-4.274,-4.228,-3.867,-3.373,-3.774,-3.577,-4.151,-3.758,-4.059,-3.323,-3.912,-4.184,-2.318,-3.823,-3.456,-2.225,-2.348,-2.334,-2.673,-4.294,-4.081,-4.23,-4.112,-4.246,-4.297,-3.993,-3.672,-4.228,-3.92,-2.845
-3.838,-4.02,-4.276,-4.412,-4.458,-4.314,-4.316,-4.207,-4.295,-4.312,-4.269,-3.936,-3.443,-3.794,-3.668,-4.14,-3.855,-4.402,-3.681,-4.024,-4.224,-2.4,-3.451,-3.779,-2.486,-2.576,-2.565,-2.511,-4.299,-4.114,-4.205,-4.205,-3.957,-4.194,-3.941,-3.821,-4.302,-3.983,-2.832
-3.866,-4.126,-4.271,-4.41,-4.441,-4.326,-4.301,-4.191,-4.293,-4.339,-4.295,-3.963,-3.522,-3.839,-3.728,-4.108,-3.901,-4.334,-3.93,-4.016,-4.232,-2.427,-3.798,-4.086,-2.038,-2.11,-2.096,-2.339,-4.263,-4.137,-4.217,-4.263,-4.12,-4.233,-3.994,-3.91,-4.4,-4.021,-2.848
-3.875,-4.173,-4.222,-4.424,-4.424,-4.321,-4.264,-4.197,-4.288,-4.405,-4.361,-3.944,-3.572,-3.861,-3.767,-4.06,-3.927,-4.563,-3.888,-4.099,-4.192,-2.443,-4.067,-4.112,-2.073,-2.116,-2.104,-2.152,-4.246,-4.109,-4.195,-4.33,-4.42,-4.448,-3.95,-3.982,-4.471,-4.028,-2.855
-3.866,-4.246,-4.228,-4.429,-4.422,-4.324,-4.213,-4.174,-4.264,-4.457,-4.414,-3.993,-3.618,-3.89,-3.81,-4.078,-3.971,-4.206,-4.38,-4.103,-4.191,-2.473,-4.08,-4.127,-2.162,-2.182,-2.171,-1.961,-4.25,-4.073,-4.134,-4.396,-4.392,-4.434,-4.03,-4.066,-4.485,-4.048,-2.864
-3.822,-4.261,-4.172,-4.356,-4.387,-4.371,-4.227,-4.186,-4.297,-4.446,-4.402,-4.002,-3.652,-3.912,-3.827,-4.109,-4.0,-4.318,-4.465,-4.131,-4.256,-2.49,-4.096,-4.081,-2.341,-2.257,-2.246,-1.744,-4.237,-4.048,-4.119,-4.445,-4.381,-4.406,-3.971,-4.128,-4.497,-4.032,-2.852
-3.862,-4.293,-4.171,-4.329,-4.366,-4.333,-4.207,-4.176,-4.295,-4.477,-4.418,-3.995,-3.673,-3.879,-3.808,-4.115,-3.986,-4.325,-4.625,-4.178,-4.236,-2.473,-4.091,-4.038,-2.295,-2.255,-2.238,-1.533,-4.176,-4.072,-4.145,-4.431,-4.363,-4.408,-3.977,-4.138,-4.462,-4.06,-2.863
-3.844,-4.318,-4.164,-4.295,-4.314,-4.331,-4.21,-4.182,-4.291,-4.479,-4.42,-3.976,-3.677,-3.905,-3.758,-4.12,-3.96,-4.254,-4.657,-4.163,-4.221,-2.475,-4.052,-4.051,-2.009,-1.95,-1.937,-1.316,-4.213,-4.077,-4.12,-4.383,-4.311,-4.364,-3.969,-4.172,-4.46,-3.976,-2.837
-3.819,-4.274,-4.159,-4.262,-4.315,-4.32,-4.214,-4.211,-4.32,-4.452,-4.399,-3.945,-3.684,-3.897,-3.741,-4.135,-3.915,-4.381,-4.536,-4.119,-4.198,-2.42,-4.014,-3.939,-2.283,-2.056,-2.043,-1.098,-4.241,-4.148,-4.112,-4.355,-4.267,-4.307,-4.021,-4.186,-4.451,-3.978,-2.826
-3.809,-4.208,-4.157,-4.287,-4.296,-4.32,-4.183,-4.179,-4.289,-4.368,-4.331,-3.917,-3.65,-3.839,-3.658,-4.163,-3.855,-4.045,-4.355,-4.063,-4.167,-2.37,-3.922,-3.762,-2.113,-2.103,-2.094,-0.896,-4.208,-4.167,-4.129,-4.285,-4.147,-4.191,-3.939,-4.135,-4.353,-3.932,-2.818
-3.808,-4.177,-4.162,-4.32,-4.312,-4.297,-4.201,-4.156,-4.255,-4.271,-4.241,-3.863,-3.628,-3.767,-3.582,-4.178,-3.815,-4.376,-4.355,-3.997,-4.155,-2.332,-3.83,-3.72,-2.003,-1.981,-1.973,-0.705,-4.227,-4.112,-4.093,-4.209,-4.076,-4.11,-3.947,-4.056,-4.275,-3.859,-2.788
-3.868,-4.125,-4.124,-4.32,-4.297,-4.231,-4.224,-4.178,-4.271,-4.207,-4.171,-3.753,-3.563,-3.708,-3.492,-4.188,-3.734,-4.349,-4.346,-3.899,-4.111,-2.294,-3.749,-3.683,-2.287,-2.424,-2.417,-0.557,-4.241,-3.008,-4.084,-4.174,-3.997,-4.045,-3.901,-3.994,-4.181,-3.799,-2.803
-3.841,-4.065,-4.093,-4.187,-4.255,-4.173,-4.223,-4.152,-4.249,-3.986,-3.976,-3.487,-3.482,-3.625,-3.375,-4.195,-3.624,-4.108,-4.184,-3.827,-4.15,-2.2,-3.671,-3.371,-2.588,-2.756,-2.745,-0.453,-4.238,-1.898,-3.837,-4.08,-3.84,-3.879,-3.886,-3.924,-4.051,-3.686,-2.814
-3.853,-3.979,-4.088,-4.211,-4.236,-4.183,-4.227,-3.699,-3.703,-4.06,-4.006,-3.465,-3.395,-3.452,-3.239,-4.185,-3.517,-3.632,-3.874,-3.668,-4.126,-2.149,-3.603,-3.625,-2.315,-2.573,-2.562,-0.417,-4.233,-1.265,-4.149,-3.946,-3.707,-3.736,-3.871,-3.808,-3.946,-3.587,-2.804
-3.876,-3.851,-4.107,-4.228,-4.229,-4.184,-4.164,-3.209,-3.235,-2.827,-2.831,-3.237,-3.28,-3.321,-3.073,-4.162,-3.379,-4.132,-3.617,-3.554,-4.088,-2.063,-3.489,-3.504,-3.284,-3.647,-3.624,-0.407,-4.23,-2.076,-4.083,-3.761,-3.551,-3.586,-3.834,-3.677,-3.77,-3.472,-2.803
-3.791,-3.715,-4.079,-4.167,-4.223,-4.169,-4.14,-2.141,-2.212,-0.855,-0.846,-1.62,-3.166,-3.163,-2.907,-4.141,-3.233,-3.921,-3.527,-3.397,-4.047,-1.972,-3.297,-3.355,-3.219,-3.409,-3.383,-0.394,-4.28,-3.561,-4.107,-3.606,-3.374,-3.409,-3.735,-3.344,-3.622,-3.341,-2.803
-3.797,-3.617,-3.998,-4.11,-4.13,-4.105,-4.143,-1.47,-1.513,-1.624,-1.63,-2.215,-3.035,-2.286,-2.743,-4.107,-3.078,-4.37,-3.295,-3.229,-4.021,-1.871,-3.129,-3.171,-3.038,-3.179,-3.148,-0.386,-3.35,-3.878,-3.042,-3.436,-3.183,-3.209,-3.671,-3.426,-3.434,-3.158,-2.774
-3.747,-3.419,-3.902,-4.047,-4.041,-3.214,-4.082,-2.568,-2.528,-1.009,-0.981,-0.581,-2.882,-2.804,-2.558,-4.03,-2.903,-4.332,-3.118,-3.057,-3.934,-1.747,-2.972,-2.884,-2.795,-2.955,-2.925,-0.339,-1.547,-3.755,-3.804,-3.251,-2.979,-3.005,-3.576,-3.314,-3.235,-2.996,-2.753
-3.72,-3.26,-3.849,-3.996,-3.983,-2.52,-3.966,-2.912,-2.977,-1.215,-1.181,-0.794,-2.7,-2.624,-2.349,-3.975,-2.71,-4.218,-2.847,-2.858,-3.863,-1.625,-2.793,-2.72,-2.555,-2.762,-2.737,-0.345,-0.832,-3.698,-3.758,-3.04,-2.767,-2.794,-3.481,-2.919,-3.025,-2.86,-2.721
-3.719,-3.079,-3.794,-3.948,-3.907,-3.549,-4.037,-2.825,-2.844,-0.791,-0.774,-0.741,-2.505,-2.427,-2.126,-3.876,-2.51,-4.117,-2.566,-2.655,-3.794,-1.495,-2.595,-2.554,-2.236,-2.501,-2.478,-0.309,-1.351,-3.478,-4.175,-2.788,-2.531,-2.554,-3.384,-2.897,-2.753,-2.649,-2.698
-3.688,-2.859,-3.717,-3.881,-3.867,-3.008,-3.657,-3.338,-3.443,-2.303,-2.297,-1.969,-2.307,-2.205,-1.884,-3.718,-2.294,-3.988,-2.283,-2.419,-3.767,-1.346,-2.183,-2.349,-1.949,-2.281,-2.261,-0.308,-3.708,-3.349,-4.053,-2.558,-2.268,-2.286,-3.246,-2.667,-2.504,-2.403,-2.661
-3.581,-2.627,-3.643,-3.789,-3.788,-2.767,-3.578,-3.902,-3.976,-1.792,-1.756,-1.759,-2.086,-1.965,-1.666,-3.487,-2.072,-3.874,-1.986,-2.163,-3.688,-1.183,-1.943,-2.11,-1.739,-1.985,-1.964,-0.313,-3.636,-2.642,-3.906,-2.305,-1.985,-2.008,-3.101,-2.428,-2.197,-2.042,-2.632
-3.495,-2.366,-3.467,-3.604,-3.612,-3.28,-3.526,-3.762,-3.831,-1.809,-1.809,-1.824,-1.869,-1.716,-1.431,-3.308,-1.835,-3.745,-1.684,-1.848,-3.573,-1.017,-1.161,-1.884,-1.653,-1.814,-1.789,-0.296,-2.725,-1.358,-3.838,-2.027,-1.676,-1.7,-2.918,-2.162,-1.643,-1.612,-2.582
-3.321,-2.09,-3.296,-3.478,-3.427,-3.432,-3.305,-3.576,-3.653,-1.294,-1.269,-1.559,-1.649,-1.46,-1.18,-3.077,-1.594,-3.648,-1.37,-1.435,-3.367,-0.827,-1.057,-1.607,-1.354,-1.53,-1.502,-0.281,-1.991,-2.104,-3.669,-1.772,-1.376,-1.395,-2.725,-1.896,-1.089,-1.418,-2.508
-3.116,-1.796,-3.077,-3.1,-3.198,-3.141,-3.153,-3.37,-3.434,-1.423,-1.42,-1.273,-1.377,-1.197,-0.881,-2.654,-1.247,-3.437,-1.049,-1.066,-3.136,-0.643,-1.224,-1.318,-1.025,-1.085,-1.063,-0.246,-0.827,-2.328,-3.478,-1.481,-1.086,-1.107,-2.513,-1.628,-0.486,-1.353,-2.412
-2.868,-1.482,-2.84,-2.85,-2.963,-2.782,-2.861,-3.087,-3.152,-1.096,-1.086,-0.979,-1.04,-0.942,-0.673,-2.26,-0.979,-3.16,-0.756,-0.888,-2.838,-0.492,-1.008,-1.048,-0.481,-0.574,-0.561,-0.2,-0.382,-1.795,-3.248,-1.168,-0.794,-0.816,-2.256,-1.35,-0.271,-1.068,-2.312
-2.544,-1.164,-2.572,-2.491,-2.68,-1.38,-2.318,-2.839,-2.871,-0.887,-0.884,-0.728,-0.725,-0.698,-0.569,-2.131,-0.74,-2.88,-0.511,-0.678,-2.53,-0.306,-0.742,-0.789,-0.225,-0.28,-0.274,-0.197,-1.063,-0.871,-2.933,-0.869,-0.543,-0.566,-1.983,-1.059,-0.231,-0.785,-2.147
-1.507,-0.841,-2.185,-2.132,-2.265,-1.139,-1.729,-2.421,-2.425,-0.369,-0.364,-0.489,-0.458,-0.475,-0.349,-0.75,-0.399,-2.535,-0.328,-0.441,-2.206,-0.211,-0.51,-0.547,-0.187,-0.237,-0.232,-0.11,-0.432,-0.395,-2.44,-0.601,-0.338,-0.365,-1.601,-0.788,-0.187,-0.525,-1.961
-1.143,-0.352,-1.622,-1.555,-1.809,-1.24,-1.172,-1.981,-1.986,-0.248,-0.246,-0.308,-0.293,-0.293,-0.229,-0.127,-0.279,-1.742,-0.212,-0.288,-1.838,-0.092,-0.324,-0.343,-0.178,-0.303,-0.295,-0.115,-0.288,-0.406,-2.209,-0.381,-0.193,-0.223,-0.917,-0.506,-0.152,-0.309,-1.618
-0.88,-0.143,-0.897,-0.989,-1.19,-0.675,-0.691,-1.176,-1.171,-0.159,-0.157,-0.18,-0.202,-0.161,-0.123,-0.086,-0.131,-0.827,-0.151,-0.178,-1.356,-0.026,-0.181,-0.198,-0.121,-0.18,-0.174,-0.097,-0.143,-0.245,-1.713,-0.212,-0.099,-0.133,-0.506,-0.306,-0.109,-0.168,-0.961
-0.542,-0.076,-0.486,-0.548,-0.55,-0.206,-0.265,-0.185,-0.162,-0.084,-0.076,-0.097,-0.119,-0.084,-0.06,-0.042,-0.055,-0.388,-0.086,-0.096,-0.624,-0.002,-0.099,-0.105,-0.084,-0.097,-0.095,-0.812,-0.096,-0.129,-0.365,-0.102,-0.031,-0.069,-0.212,-0.166,-0.062,-0.094,-0.495
-0.146,-0.026,-0.045,-0.13,-0.085,-0.082,-0.062,-0.064,-0.042,-0.037,-0.031,-0.038,-0.046,-0.032,-0.004,-0.005,-0.007,-0.044,-0.028,-0.021,-0.086,0.0,-0.044,-0.046,-0.029,-0.032,-0.031,-0.033,-0.05,-0.057,-0.06,-0.043,0.0,-0.014,-0.048,-0.06,-0.027,-0.052,-0.086
-0.002,0.0,0.0,0.0,0.0,-0.01,-0.006,-0.01,-0.001,-0.002,0.0,-0.001,-0.004,-0.001,0.0,0.0,0.0,0.0,0.0,0.0,-0.006,0.0,-0.005,-0.008,0.0,0.0,0.0,-0.001,-0.018,-0.009,-0.011,-0.004,0.0,0.0,-0.001,-0.003,0.0,-0.013,-0.025
0.0,0.0,0.0,0.0,0.0,0.0,0.0,0.0,0.0,0.0,0.0,0.0,0.0,0.0,0.0,0.0,0.0,0.0,0.0,0.0,0.0,0.0,0.0,0.0,0.0,0.0,0.0,0.0,0.0,0.0,0.0,0.0,0.0,0.0,0.0,0.0,0.0,0.0,0.0
0.0,0.0,0.0,0.0,0.0,0.0,0.0,0.0,0.0,0.0,0.0,0.0,0.0,0.0,0.0,0.0,0.0,0.0,0.0,0.0,0.0,0.0,0.0,0.0,0.0,0.0,0.0,0.0,0.0,0.0,0.0,0.0,0.0,0.0,0.0,0.0,0.0,0.0,0.0
0.0,0.0,0.0,0.0,0.0,0.0,0.0,0.0,0.0,0.0,0.0,0.0,0.0,0.0,0.0,0.0,0.0,0.0,0.0,0.0,0.0,0.0,0.0,0.0,0.0,0.0,0.0,0.0,0.0,0.0,0.0,0.0,0.0,0.0,0.0,0.0,0.0,0.0,0.0
0.0,0.0,0.0,0.0,0.0,0.0,0.0,0.0,0.0,0.0,0.0,0.0,0.0,0.0,0.0,0.0,0.0,0.0,0.0,0.0,0.0,0.0,0.0,0.0,0.0,0.0,0.0,0.0,0.0,0.0,0.0,0.0,0.0,0.0,0.0,0.0,0.0,0.0,0.0
0.0,0.0,0.0,0.0,0.0,0.0,0.0,0.0,0.0,0.0,0.0,0.0,0.0,0.0,0.0,0.0,0.0,0.0,0.0,0.0,0.0,0.0,0.0,0.0,0.0,0.0,0.0,0.0,0.0,0.0,0.0,0.0,0.0,0.0,0.0,0.0,0.0,0.0,0.0
0.0,0.0,0.0,0.0,0.0,0.0,0.0,0.0,0.0,0.0,0.0,0.0,0.0,0.0,0.0,0.0,0.0,0.0,0.0,0.0,0.0,0.0,0.0,0.0,0.0,0.0,0.0,0.0,0.0,0.0,0.0,0.0,0.0,0.0,0.0,0.0,0.0,0.0,0.0
0.0,0.0,0.0,0.0,0.0,0.0,0.0,0.0,0.0,0.0,0.0,0.0,0.0,0.0,0.0,0.0,0.0,0.0,0.0,0.0,0.0,0.0,0.0,0.0,0.0,0.0,0.0,0.0,0.0,0.0,0.0,0.0,0.0,0.0,0.0,0.0,0.0,0.0,0.0
0.0,0.0,0.0,0.0,0.0,0.0,0.0,0.0,0.0,0.0,0.0,0.0,0.0,0.0,0.0,0.0,0.0,0.0,0.0,0.0,0.0,0.0,0.0,0.0,0.0,0.0,0.0,0.0,0.0,0.0,0.0,0.0,0.0,0.0,0.0,0.0,0.0,0.0,0.0
0.0,0.0,0.0,0.0,0.0,0.0,0.0,0.0,0.0,0.0,0.0,0.0,0.0,0.0,0.0,0.0,0.0,0.0,0.0,0.0,0.0,0.0,0.0,0.0,0.0,0.0,0.0,0.0,0.0,0.0,0.0,0.0,0.0,0.0,0.0,0.0,0.0,0.0,0.0
0.0,0.0,0.0,0.0,0.0,0.0,0.0,0.0,0.0,0.0,0.0,0.0,0.0,0.0,0.0,0.0,0.0,0.0,0.0,0.0,0.0,0.0,0.0,0.0,0.0,0.0,0.0,0.0,0.0,0.0,0.0,0.0,0.0,0.0,0.0,0.0,0.0,0.0,0.0
0.0,0.0,0.0,0.0,0.0,0.0,0.0,0.0,0.0,0.0,0.0,0.0,0.0,0.0,0.0,0.0,0.0,0.0,0.0,0.0,0.0,0.0,0.0,0.0,0.0,0.0,0.0,0.0,0.0,0.0,0.0,0.0,0.0,0.0,0.0,0.0,0.0,0.0,0.0
0.0,0.0,0.0,0.0,0.0,0.0,0.0,0.0,0.0,0.0,0.0,0.0,0.0,0.0,0.0,0.0,0.0,0.0,0.0,0.0,0.0,0.0,0.0,0.0,0.0,0.0,0.0,0.0,0.0,0.0,0.0,0.0,0.0,0.0,0.0,0.0,0.0,0.0,0.0
0.0,0.0,0.0,0.0,0.0,0.0,0.0,0.0,0.0,0.0,0.0,0.0,0.0,0.0,0.0,0.0,0.0,0.0,0.0,0.0,0.0,0.0,0.0,0.0,0.0,0.0,0.0,0.0,0.0,0.0,0.0,0.0,0.0,0.0,0.0,0.0,0.0,0.0,0.0
0.0,0.0,0.0,0.0,0.0,0.0,0.0,0.0,0.0,0.0,0.0,0.0,0.0,0.0,0.0,0.0,0.0,0.0,0.0,0.0,0.0,0.0,0.0,0.0,0.0,0.0,0.0,0.0,0.0,0.0,0.0,0.0,0.0,0.0,0.0,0.0,0.0,0.0,0.0
0.0,0.0,0.0,0.0,0.0,0.0,0.0,0.0,0.0,0.0,0.0,0.0,0.0,0.0,0.0,0.0,0.0,0.0,0.0,0.0,0.0,0.0,0.0,0.0,0.0,0.0,0.0,0.0,0.0,0.0,0.0,0.0,0.0,0.0,0.0,0.0,0.0,0.0,0.0
0.0,0.0,0.0,0.0,0.0,0.0,0.0,0.0,0.0,0.0,0.0,0.0,0.0,0.0,0.0,0.0,0.0,0.0,0.0,0.0,0.0,0.0,0.0,0.0,0.0,0.0,0.0,0.0,0.0,0.0,0.0,0.0,0.0,0.0,0.0,0.0,0.0,0.0,0.0
0.0,0.0,0.0,0.0,0.0,0.0,0.0,0.0,0.0,0.0,0.0,0.0,0.0,0.0,0.0,0.0,0.0,0.0,0.0,0.0,0.0,0.0,0.0,0.0,0.0,0.0,0.0,0.0,0.0,0.0,0.0,0.0,0.0,0.0,0.0,0.0,0.0,0.0,0.0
0.0,0.0,0.0,0.0,0.0,0.0,0.0,0.0,0.0,0.0,0.0,0.0,0.0,0.0,0.0,0.0,0.0,0.0,0.0,0.0,0.0,0.0,0.0,0.0,0.0,0.0,0.0,0.0,0.0,0.0,0.0,0.0,0.0,0.0,0.0,0.0,0.0,0.0,0.0
0.0,0.0,0.0,0.0,0.0,0.0,0.0,0.0,0.0,0.0,0.0,0.0,0.0,0.0,0.0,0.0,0.0,0.0,0.0,0.0,0.0,0.0,0.0,0.0,0.0,0.0,0.0,0.0,0.0,0.0,0.0,0.0,0.0,0.0,0.0,0.0,0.0,0.0,0.0
0.0,0.0,0.0,0.0,0.0,0.0,0.0,0.0,0.0,0.0,0.0,0.0,0.0,0.0,0.0,0.0,0.0,0.0,0.0,0.0,0.0,0.0,0.0,0.0,0.0,0.0,0.0,0.0,0.0,0.0,0.0,0.0,0.0,0.0,0.0,0.0,0.0,0.0,0.0
0.0,0.0,0.0,0.0,0.0,0.0,0.0,0.0,0.0,0.0,0.0,0.0,0.0,0.0,0.0,0.0,0.0,0.0,0.0,0.0,0.0,0.0,0.0,0.0,0.0,0.0,0.0,0.0,0.0,0.0,0.0,0.0,0.0,0.0,0.0,0.0,0.0,0.0,0.0
0.0,0.0,0.0,0.0,0.0,0.0,0.0,0.0,0.0,0.0,0.0,0.0,0.0,0.0,0.0,0.0,0.0,0.0,0.0,0.0,0.0,0.0,0.0,0.0,0.0,0.0,0.0,0.0,0.0,0.0,0.0,0.0,0.0,0.0,0.0,0.0,0.0,0.0,0.0
0.0,0.0,0.0,0.0,0.0,0.0,0.0,0.0,0.0,0.0,0.0,0.0,0.0,0.0,0.0,0.0,0.0,0.0,0.0,0.0,0.0,0.0,0.0,0.0,0.0,0.0,0.0,0.0,0.0,0.0,0.0,0.0,0.0,0.0,0.0,0.0,0.0,0.0,0.0
0.0,0.0,0.0,0.0,0.0,0.0,0.0,0.0,0.0,0.0,0.0,0.0,0.0,0.0,0.0,0.0,0.0,0.0,0.0,0.0,0.0,0.0,0.0,0.0,0.0,0.0,0.0,0.0,0.0,0.0,0.0,0.0,0.0,0.0,0.0,0.0,0.0,0.0,0.0
0.0,0.0,0.0,0.0,0.0,0.0,0.0,0.0,0.0,0.0,0.0,0.0,0.0,0.0,0.0,0.0,0.0,0.0,0.0,0.0,0.0,0.0,0.0,0.0,0.0,0.0,0.0,0.0,0.0,0.0,0.0,0.0,0.0,0.0,0.0,0.0,0.0,0.0,0.0
0.0,0.0,0.0,0.0,0.0,0.0,0.0,0.0,0.0,0.0,0.0,0.0,0.0,0.0,0.0,0.0,0.0,0.0,0.0,0.0,0.0,0.0,0.0,0.0,0.0,0.0,0.0,0.0,0.0,0.0,0.0,0.0,0.0,0.0,0.0,0.0,0.0,0.0,0.0
0.0,0.0,0.0,0.0,0.0,0.0,0.0,0.0,0.0,0.0,0.0,0.0,0.0,0.0,0.0,0.0,0.0,0.0,0.0,0.0,0.0,0.0,0.0,0.0,0.0,0.0,0.0,0.0,0.0,0.0,0.0,0.0,0.0,0.0,0.0,0.0,0.0,0.0,0.0
0.0,0.0,0.0,0.0,0.0,0.0,0.0,0.0,0.0,0.0,0.0,0.0,0.0,0.0,0.0,0.0,0.0,0.0,0.0,0.0,0.0,0.0,0.0,0.0,0.0,0.0,0.0,0.0,0.0,0.0,0.0,0.0,0.0,0.0,0.0,0.0,0.0,0.0,0.0
0.0,0.0,0.0,0.0,0.0,0.0,0.0,0.0,0.0,0.0,0.0,0.0,0.0,0.0,0.0,0.0,0.0,0.0,0.0,0.0,0.0,0.0,0.0,0.0,0.0,0.0,0.0,0.0,0.0,0.0,0.0,0.0,0.0,0.0,0.0,0.0,0.0,0.0,0.0
0.0,0.0,0.0,0.0,0.0,0.0,0.0,0.0,0.0,0.0,0.0,0.0,0.0,0.0,0.0,0.0,0.0,0.0,0.0,0.0,0.0,0.0,0.0,0.0,0.0,0.0,0.0,0.0,0.0,0.0,0.0,0.0,0.0,0.0,0.0,0.0,0.0,0.0,0.0
0.0,0.0,0.0,0.0,0.0,0.0,0.0,0.0,0.0,0.0,0.0,0.0,0.0,0.0,0.0,0.0,0.0,0.0,0.0,0.0,0.0,0.0,0.0,0.0,0.0,0.0,0.0,0.0,0.0,0.0,0.0,0.0,0.0,0.0,0.0,0.0,0.0,0.0,0.0
0.0,0.0,0.0,0.0,0.0,0.0,0.0,0.0,0.0,0.0,0.0,0.0,0.0,0.0,0.0,0.0,0.0,0.0,0.0,0.0,0.0,0.0,0.0,0.0,0.0,0.0,0.0,0.0,0.0,0.0,0.0,0.0,0.0,0.0,0.0,0.0,0.0,0.0,0.0
0.0,0.0,0.0,0.0,0.0,0.0,0.0,0.0,0.0,0.0,0.0,0.0,0.0,0.0,0.0,0.0,0.0,0.0,0.0,0.0,0.0,0.0,0.0,0.0,0.0,0.0,0.0,0.0,0.0,0.0,0.0,0.0,0.0,0.0,0.0,0.0,0.0,0.0,0.0
0.0,0.0,0.0,0.0,0.0,0.0,0.0,0.0,0.0,0.0,0.0,0.0,0.0,0.0,0.0,0.0,0.0,0.0,0.0,0.0,0.0,0.0,0.0,0.0,0.0,0.0,0.0,0.0,0.0,0.0,0.0,0.0,0.0,0.0,0.0,0.0,0.0,0.0,0.0
0.0,0.0,0.0,0.0,0.0,0.0,0.0,0.0,0.0,0.0,0.0,0.0,0.0,0.0,0.0,0.0,0.0,0.0,0.0,0.0,0.0,0.0,0.0,0.0,0.0,0.0,0.0,0.0,0.0,0.0,0.0,0.0,0.0,0.0,0.0,0.0,0.0,0.0,0.0
0.0,0.0,0.0,0.0,0.0,0.0,0.0,0.0,0.0,0.0,0.0,0.0,0.0,0.0,0.0,0.0,0.0,0.0,0.0,0.0,0.0,0.0,0.0,0.0,0.0,0.0,0.0,0.0,0.0,0.0,0.0,0.0,0.0,0.0,0.0,0.0,0.0,0.0,0.0
0.0,0.0,0.0,0.0,0.0,0.0,0.0,0.0,0.0,0.0,0.0,0.0,0.0,0.0,0.0,0.0,0.0,0.0,0.0,0.0,0.0,0.0,0.0,0.0,0.0,0.0,0.0,0.0,0.0,0.0,0.0,0.0,0.0,0.0,0.0,0.0,0.0,0.0,0.0
0.0,0.0,0.0,0.0,0.0,0.0,0.0,0.0,0.0,0.0,0.0,0.0,0.0,0.0,0.0,0.0,0.0,0.0,0.0,0.0,0.0,0.0,0.0,0.0,0.0,0.0,0.0,0.0,0.0,0.0,0.0,0.0,0.0,0.0,0.0,0.0,0.0,0.0,0.0
0.0,0.0,0.0,0.0,0.0,0.0,0.0,0.0,0.0,0.0,0.0,0.0,0.0,0.0,0.0,0.0,0.0,0.0,0.0,0.0,0.0,0.0,0.0,0.0,0.0,0.0,0.0,0.0,0.0,0.0,0.0,0.0,0.0,0.0,0.0,0.0,0.0,0.0,0.0
0.0,0.0,0.0,0.0,0.0,0.0,0.0,0.0,0.0,0.0,0.0,0.0,0.0,0.0,0.0,0.0,0.0,0.0,0.0,0.0,0.0,0.0,0.0,0.0,0.0,0.0,0.0,0.0,0.0,0.0,0.0,0.0,0.0,0.0,0.0,0.0,0.0,0.0,0.0
0.0,0.0,0.0,0.0,0.0,0.0,0.0,0.0,0.0,0.0,0.0,0.0,0.0,0.0,0.0,0.0,0.0,0.0,0.0,0.0,0.0,0.0,0.0,0.0,0.0,0.0,0.0,0.0,0.0,0.0,0.0,0.0,0.0,0.0,0.0,0.0,0.0,0.0,0.0
0.0,0.0,0.0,0.0,0.0,0.0,0.0,0.0,0.0,0.0,0.0,0.0,0.0,0.0,0.0,0.0,0.0,0.0,0.0,0.0,0.0,0.0,0.0,0.0,0.0,0.0,0.0,0.0,-0.001,0.0,0.0,0.0,0.0,0.0,0.0,0.0,0.0,0.0,0.0
0.0,-0.003,0.0,-0.005,0.0,-0.021,-0.009,-0.001,0.0,0.0,0.0,0.0,-0.001,-0.002,0.0,-0.005,0.0,-0.006,-0.011,0.0,-0.018,0.0,0.0,0.0,-0.006,-0.004,-0.006,0.0,-0.015,0.0,0.0,-0.002,-0.018,-0.051,-0.023,0.0,-0.002,0.0,0.0
-0.018,-0.027,-0.008,-0.068,-0.014,-0.04,-0.047,-0.029,-0.008,-0.026,-0.022,-0.036,-0.057,-0.035,-0.005,-0.109,-0.019,-0.052,-0.077,-0.042,-0.159,0.0,-0.015,-0.025,-0.085,-0.064,-0.063,-0.011,-0.07,-0.008,-0.004,-0.03,-0.051,-0.088,-0.072,-0.019,-0.057,-0.013,-0.003
-0.117,-0.082,-0.093,-0.163,-0.109,-0.07,-0.114,-0.096,-0.073,-0.102,-0.092,-0.102,-0.123,-0.085,-0.104,-0.304,-0.102,-0.459,-0.167,-0.117,-0.544,-0.002,-0.093,-0.094,-0.146,-0.097,-0.098,-0.068,-0.165,-0.054,-0.057,-0.069,-0.142,-0.179,-0.12,-0.096,-0.166,-0.056,-0.043
-0.337,-0.183,-0.29,-0.335,-0.304,-0.149,-0.2,-0.149,-0.141,-0.172,-0.164,-0.165,-0.14,-0.125,-0.153,-0.505,-0.145,-0.772,-0.327,-0.222,-1.143,-0.018,-0.206,-0.246,-0.277,-0.22,-0.222,-0.222,-0.348,-0.155,-0.14,-0.182,-0.26,-0.296,-0.181,-0.141,-0.358,-0.218,-0.06
-0.626,-0.256,-0.444,-0.385,-0.424,-0.231,-0.254,-0.21,-0.192,-0.216,-0.207,-0.191,-0.182,-0.22,-0.262,-1.048,-0.333,-1.358,-0.616,-0.376,-1.785,-0.054,-0.401,-0.43,-0.569,-0.433,-0.435,-0.421,-0.693,-0.334,-0.506,-0.319,-0.353,-0.389,-0.263,-0.216,-0.357,-0.395,-0.087
-1.93,-0.3,-0.726,-0.924,-0.738,-0.173,-1.083,-0.441,-0.42,-0.34,-0.331,-0.414,-0.371,-0.456,-0.381,-1.596,-0.524,-2.896,-0.951,-0.539,-2.116,-0.099,-0.592,-0.68,-0.858,-0.663,-0.667,-0.693,-1.062,-0.598,-0.861,-0.469,-0.495,-0.53,-0.357,-0.356,-0.652,-0.5,-0.134
-2.377,-0.501,-1.688,-1.847,-1.753,-0.186,-1.968,-0.541,-0.53,-0.472,-0.463,-0.495,-0.698,-0.728,-0.563,-2.221,-0.756,-2.874,-1.195,-0.723,-2.438,-0.144,-0.859,-0.78,-1.195,-1.003,-1.008,-0.48,-0.752,-0.346,-0.474,-0.745,-0.647,-0.693,-0.415,-0.513,-0.933,-0.742,-0.184
-2.333,-0.634,-2.748,-2.958,-2.835,-0.235,-0.897,-0.581,-0.568,-0.537,-0.527,-0.513,-0.991,-1.074,-0.702,-2.566,-0.995,-3.355,-1.489,-0.701,-2.795,-0.271,-0.994,-1.102,-1.478,-1.303,-1.307,-0.418,-0.529,-0.418,-0.558,-0.746,-0.734,-0.771,-0.487,-0.688,-1.232,-1.107,-1.784
-2.211,-0.966,-2.686,-3.019,-2.8,-0.205,-0.414,-0.558,-0.557,-0.559,-0.551,-0.43,-1.233,-1.358,-0.93,-2.862,-1.248,-3.755,-1.874,-1.277,-3.143,-0.472,-1.409,-1.372,-1.754,-1.601,-1.606,-0.584,-2.044,-0.588,-1.912,-1.127,-0.392,-0.425,-0.697,-0.909,-1.533,-1.436,-1.961
-2.031,-0.926,-2.311,-2.487,-2.419,-0.207,-0.443,-0.434,-0.416,-0.594,-0.584,-0.385,-1.175,-1.513,-1.064,-3.097,-1.522,-3.845,-2.185,-1.533,-3.341,-0.691,-1.611,-1.574,-1.906,-1.715,-1.715,-0.775,-1.743,-0.976,-2.697,-1.309,-0.352,-0.385,-1.235,-1.158,-1.733,-1.715,-1.64
-1.469,-1.284,-2.757,-2.886,-2.862,-0.366,-0.569,-0.709,-0.702,-0.735,-0.724,-0.563,-1.565,-1.939,-1.42,-3.298,-1.759,-3.937,-2.48,-1.798,-3.545,-0.853,-1.87,-1.914,-2.009,-1.886,-1.887,-0.854,-1.172,-0.589,-0.502,-1.737,-0.58,-0.614,-2.426,-1.422,-1.962,-1.93,-1.524
-0.891,-0.758,-3.447,-3.545,-3.534,-0.616,-0.608,-0.753,-0.754,-0.851,-0.84,-0.499,-1.809,-2.154,-1.875,-3.525,-2.006,-4.039,-2.735,-2.079,-3.683,-1.003,-2.183,-2.179,-2.489,-2.342,-2.342,-1.071,-2.095,-0.68,-0.638,-2.319,-0.613,-0.642,-2.138,-1.628,-2.202,-1.915,-1.786
-0.961,-0.685,-3.674,-3.776,-3.837,-0.657,-0.985,-0.817,-0.818,-0.857,-0.846,-0.624,-2.144,-2.556,-2.084,-3.613,-2.215,-4.051,-2.988,-2.348,-3.796,-0.891,-2.414,-2.379,-2.689,-2.581,-2.583,-0.813,-2.473,-0.973,-0.877,-1.748,-0.707,-0.733,-1.3,-1.609,-2.414,-1.668,-1.417
-0.969,-0.795,-2.102,-2.562,-2.348,-0.581,-0.611,-0.691,-0.695,-1.299,-1.281,-0.531,-2.217,-2.715,-2.287,-3.696,-2.413,-4.119,-3.225,-2.609,-3.864,-1.022,-2.58,-2.554,-2.869,-2.809,-2.813,-1.53,-4.662,-2.199,-1.929,-2.027,-0.949,-0.974,-0.984,-1.906,-2.67,-1.614,-2.298
-1.077,-0.693,-1.645,-1.751,-1.703,-0.385,-0.697,-0.642,-0.645,-1.887,-1.863,-0.523,-2.628,-2.872,-2.505,-3.743,-2.606,-4.194,-3.445,-2.859,-4.002,-1.59,-2.931,-1.77,-3.062,-3.012,-3.017,-1.825,-4.399,-3.76,-2.371,-1.494,-0.671,-0.709,-0.633,-2.561,-2.829,-2.434,-2.433
-1.174,-0.741,-2.087,-2.896,-2.45,-0.308,-1.182,-0.791,-0.792,-2.606,-2.539,-0.905,-2.663,-3.02,-2.672,-3.817,-2.779,-4.229,-3.652,-2.816,-3.489,-1.481,-2.851,-1.669,-3.231,-3.177,-3.174,-1.518,-4.475,-2.919,-4.328,-1.445,-0.54,-0.609,-0.676,-2.474,-2.993,-2.955,-2.275
-1.481,-1.3,-1.643,-2.189,-1.763,-1.275,-3.324,-1.157,-1.167,-3.248,-3.151,-1.248,-2.727,-3.321,-2.834,-3.884,-2.977,-4.148,-3.745,-3.104,-3.802,-1.744,-3.055,-3.045,-3.368,-3.374,-3.369,-2.648,-4.123,-2.511,-1.313,-1.779,-0.362,-0.391,-0.444,-2.517,-3.374,-3.089,-2.321
-2.249,-2.291,-1.279,-1.47,-1.355,-3.033,-4.281,-1.434,-1.453,-2.836,-2.79,-2.76,-3.031,-3.088,-3.013,-3.904,-3.159,-4.143,-3.762,-3.21,-4.132,-1.952,-3.445,-3.339,-3.184,-3.278,-3.272,-2.41,-2.06,-2.426,-3.321,-1.92,-0.234,-0.269,-0.335,-2.838,-3.683,-2.424,-2.586
-3.116,-1.879,-1.306,-1.376,-1.371,-1.922,-3.809,-1.22,-1.241,-4.705,-4.646,-1.131,-2.919,-3.442,-3.077,-3.901,-3.272,-4.376,-3.816,-3.357,-3.749,-2.008,-3.599,-3.339,-3.165,-3.175,-3.168,-2.783,-2.186,-1.095,-1.288,-1.994,-0.346,-0.384,-0.552,-3.1,-3.809,-2.986,-2.497
-1.661,-1.944,-1.177,-1.221,-1.209,-2.159,-2.783,-1.771,-1.887,-4.646,-4.548,-1.023,-3.354,-3.417,-3.254,-3.965,-3.383,-4.096,-3.912,-2.99,-3.419,-2.134,-3.624,-3.617,-3.221,-3.335,-3.328,-1.601,-0.996,-0.948,-0.75,-2.862,-0.467,-0.495,-1.196,-3.486,-3.989,-2.448,-2.281
-2.668,-1.762,-1.396,-1.347,-1.416,-2.952,-3.424,-1.558,-1.613,-1.982,-2.015,-0.821,-3.683,-3.881,-3.262,-3.871,-3.419,-3.976,-3.935,-2.695,-2.731,-2.176,-3.576,-3.433,-3.837,-3.867,-3.86,-0.887,-0.836,-1.258,-0.907,-4.134,-0.505,-0.537,-0.668,-3.457,-4.169,-2.944,-2.432
-1.694,-1.505,-1.118,-1.091,-1.134,-2.309,-2.652,-1.124,-1.15,-1.958,-1.953,-0.775,-2.856,-3.416,-3.261,-3.772,-3.396,-3.711,-4.544,-2.276,-2.176,-2.239,-4.038,-3.812,-3.892,-3.962,-3.949,-0.878,-0.999,-2.55,-1.266,-3.238,-0.328,-0.362,-0.535,-3.613,-4.162,-2.751,-2.441
-2.162,-1.254,-1.938,-1.677,-1.843,-4.816,-4.239,-0.973,-0.994,-1.516,-1.504,-0.821,-2.356,-3.031,-3.557,-3.966,-3.663,-2.929,-4.218,-2.106,-3.097,-1.97,-4.186,-3.867,-4.035,-4.084,-4.08,-0.633,-1.026,-3.288,-1.545,-2.346,-0.261,-0.297,-0.203,-3.441,-4.331,-3.189,-1.68
-1.252,-0.842,-2.537,-2.152,-2.528,-3.682,-3.462,-1.108,-1.131,-1.794,-1.773,-1.121,-1.62,-3.697,-3.513,-3.848,-3.671,-2.993,-3.994,-2.521,-2.695,-1.122,-4.082,-3.887,-4.066,-4.203,-4.18,-0.634,-1.064,-3.896,-1.37,-1.723,-0.468,-0.497,-0.093,-3.697,-4.149,-3.279,-2.192
-0.985,-0.884,-2.776,-2.005,-2.667,-2.798,-1.978,-1.073,-1.088,-2.17,-2.144,-1.337,-1.358,-2.996,-3.066,-3.204,-3.125,-3.478,-4.539,-2.633,-2.235,-1.42,-4.204,-4.027,-4.186,-4.309,-4.297,-0.6,-1.224,-4.091,-1.334,-1.435,-0.275,-0.307,-0.505,-3.96,-4.317,-2.878,-2.179
-0.939,-1.171,-2.019,-1.845,-2.07,-1.362,-1.798,-1.318,-1.266,-2.613,-2.592,-1.516,-1.193,-2.368,-3.152,-3.323,-3.202,-4.499,-3.923,-2.08,-2.154,-1.056,-4.165,-3.528,-4.22,-4.346,-4.331,-0.813,-1.208,-3.284,-1.505,-2.579,-0.242,-0.277,-0.582,-3.919,-3.966,-3.044,-1.909
-0.724,-1.32,-1.203,-1.072,-1.251,-1.115,-2.104,-1.587,-1.586,-2.236,-2.214,-1.457,-0.95,-2.63,-2.567,-2.931,-2.794,-3.483,-4.399,-1.849,-2.016,-1.001,-4.123,-3.7,-4.293,-4.394,-4.371,-1.245,-1.359,-1.897,-1.363,-2.053,-0.47,-0.493,-0.443,-4.045,-3.704,-3.077,-2.149
-0.822,-0.981,-0.778,-0.715,-0.715,-1.321,-1.858,-1.352,-1.448,-1.623,-1.609,-1.279,-1.112,-1.97,-1.93,-2.086,-2.09,-3.907,-4.247,-1.714,-2.05,-0.806,-4.053,-3.377,-4.139,-4.236,-4.227,-1.502,-1.522,-3.567,-1.502,-3.62,-0.175,-0.211,-0.364,-3.767,-2.744,-2.592,-2.308
-1.044,-0.875,-0.946,-0.823,-0.95,-1.349,-1.554,-0.954,-0.974,-1.097,-1.085,-1.03,-1.443,-1.043,-1.998,-2.067,-2.078,-4.02,-3.719,-1.529,-1.631,-0.668,-3.861,-3.142,-3.793,-4.146,-4.132,-1.399,-1.143,-2.172,-1.447,-2.914,-0.179,-0.215,-0.152,-3.656,-3.221,-2.175,-1.594
-1.081,-1.015,-0.505,-0.514,-0.513,-0.815,-1.51,-0.769,-0.77,-0.881,-0.87,-0.919,-1.367,-1.04,-1.573,-1.577,-1.625,-4.023,-3.727,-1.463,-1.564,-0.607,-3.045,-3.754,-3.837,-4.064,-4.04,-1.058,-0.912,-1.819,-1.221,-2.126,-0.318,-0.353,-0.166,-1.774,-2.316,-2.021,-1.306
-0.874,-0.993,-0.373,-0.464,-0.386,-0.532,-1.606,-1.161,-1.217,-1.39,-1.37,-1.152,-1.168,-1.063,-1.27,-1.269,-1.318,-3.641,-3.463,-1.062,-0.965,-0.539,-3.966,-3.589,-3.795,-3.979,-3.937,-1.194,-0.91,-3.304,-1.432,-1.69,-1.091,-1.113,-0.152,-1.681,-2.601,-1.537,-1.049
-0.721,-0.941,-0.369,-0.453,-0.383,-0.397,-1.371,-1.348,-1.453,-1.192,-1.178,-1.512,-1.438,-1.445,-1.277,-1.243,-1.289,-2.684,-2.326,-1.028,-1.038,-0.41,-3.896,-3.38,-3.592,-3.547,-3.517,-1.424,-1.235,-2.59,-1.673,-1.542,-0.554,-0.585,-0.233,-2.783,-2.512,-1.672,-0.919
-0.711,-1.074,-0.232,-0.332,-0.262,-0.612,-1.115,-0.804,-0.854,-0.87,-0.859,-0.98,-1.551,-0.964,-0.865,-0.858,-0.878,-2.363,-2.818,-1.122,-1.165,-0.414,-3.256,-3.013,-3.956,-3.956,-3.933,-1.651,-1.6,-3.355,-1.952,-1.812,-0.301,-0.334,-0.185,-1.153,-1.284,-1.345,-0.746
-0.743,-0.877,-0.171,-0.292,-0.201,-0.548,-1.012,-1.122,-1.11,-1.313,-1.299,-1.16,-1.154,-0.921,-1.328,-1.305,-1.341,-1.728,-1.726,-0.799,-0.798,-0.372,-3.148,-2.555,-2.845,-3.065,-3.046,-1.755,-1.4,-2.206,-2.435,-1.455,-0.231,-0.266,-0.114,-0.568,-0.909,-1.166,-0.739
-0.819,-0.899,-0.307,-0.43,-0.367,-0.506,-1.325,-1.918,-1.912,-1.651,-1.637,-1.508,-0.571,-1.357,-0.993,-0.975,-1.023,-1.485,-1.142,-0.856,-1.029,-0.34,-2.485,-2.118,-2.395,-2.664,-2.65,-1.605,-1.105,-1.778,-1.496,-0.863,-0.233,-0.27,-0.079,-0.499,-0.734,-1.035,-0.853
-1.05,-0.71,-0.395,-0.421,-0.419,-0.307,-1.179,-1.84,-1.774,-1.789,-1.774,-1.836,-0.563,-1.385,-0.678,-0.672,-0.706,-0.997,-0.963,-0.834,-0.934,-0.383,-1.658,-1.37,-2.478,-2.536,-2.52,-0.901,-0.947,-2.053,-1.314,-0.495,-0.151,-0.187,-0.081,-0.465,-0.544,-1.137,-0.911
-0.902,-1.003,-0.465,-0.333,-0.421,-0.279,-0.852,-1.407,-1.528,-1.181,-1.168,-1.445,-0.502,-1.306,-0.416,-0.424,-0.436,-0.673,-0.816,-0.872,-0.669,-0.32,-1.163,-1.164,-2.174,-2.468,-2.457,-0.62,-0.865,-2.255,-1.129,-0.471,-0.159,-0.196,-0.14,-0.402,-0.479,-1.342,-1.149
-0.895,-0.506,-0.41,-0.384,-0.381,-0.333,-0.446,-0.781,-0.831,-0.882,-0.871,-0.809,-0.337,-1.332,-0.416,-0.41,-0.424,-1.329,-1.17,-0.716,-0.673,-0.293,-1.115,-0.984,-2.347,-2.499,-2.484,-0.666,-0.816,-1.304,-0.648,-0.435,-0.175,-0.212,-0.206,-0.3,-0.416,-1.509,-1.483
-0.649,-0.224,-0.465,-0.426,-0.417,-0.335,-0.346,-0.586,-0.662,-0.605,-0.595,-0.609,-0.308,-0.954,-0.295,-0.295,-0.307,-1.345,-1.359,-0.377,-0.359,-0.378,-0.957,-0.721,-2.173,-2.362,-2.349,-0.557,-0.768,-1.123,-0.717,-0.721,-0.12,-0.158,-0.214,-0.255,-0.416,-1.898,-1.279
-0.304,-0.16,-0.39,-0.453,-0.384,-0.253,-0.282,-0.335,-0.364,-0.368,-0.36,-0.34,-0.159,-0.567,-0.23,-0.228,-0.239,-1.233,-1.044,-0.26,-0.302,-0.127,-0.558,-0.556,-1.23,-1.147,-1.137,-0.425,-0.6,-0.831,-0.505,-0.621,-0.122,-0.158,-0.197,-0.166,-0.269,-1.511,-2.159
-0.254,-0.17,-0.263,-0.241,-0.314,-0.404,-0.241,-0.328,-0.39,-0.369,-0.361,-0.307,-0.157,-0.528,-0.141,-0.134,-0.137,-0.996,-0.691,-0.28,-0.231,-0.079,-0.374,-0.688,-1.09,-1.173,-1.165,-0.353,-0.54,-0.547,-0.333,-0.336,-0.096,-0.133,-0.205,-0.147,-0.2,-2.259,-2.312
-0.136,-0.221,-0.133,-0.128,-0.157,-0.34,-0.275,-0.268,-0.333,-0.38,-0.371,-0.338,-0.178,-0.369,-0.199,-0.2,-0.194,-1.007,-0.701,-0.177,-0.134,-0.041,-0.349,-0.758,-0.583,-0.661,-0.657,-0.337,-0.393,-0.416,-0.269,-0.557,-0.126,-0.163,-0.134,-0.202,-0.135,-1.257,-2.445
-0.188,-0.209,-0.126,-0.151,-0.135,-0.219,-0.303,-0.225,-0.337,-0.249,-0.242,-0.261,-0.125,-0.071,-0.221,-0.22,-0.216,-0.818,-0.452,-0.137,-0.162,-0.026,-0.252,-0.897,-0.37,-0.414,-0.413,-0.196,-0.216,-0.449,-0.151,-0.295,-0.107,-0.145,-0.117,-0.273,-0.155,-1.605,-2.39
-0.179,-0.271,-0.04,-0.106,-0.047,-0.173,-0.224,-0.134,-0.187,-0.198,-0.189,-0.249,-0.065,-0.03,-0.339,-0.407,-0.409,-0.421,-0.271,-0.052,-0.08,-0.006,-0.26,-0.698,-0.23,-0.248,-0.245,-0.237,-0.374,-0.283,-0.218,-0.322,-0.062,-0.1,-0.14,-0.285,-0.2,-1.761,-2.328
-0.096,-0.142,-0.04,-0.118,-0.051,-0.089,-0.173,-0.127,-0.179,-0.211,-0.203,-0.148,-0.081,-0.014,-0.343,-0.387,-0.418,-0.206,-0.179,-0.173,-0.211,0.0,-0.193,-0.375,-0.18,-0.193,-0.193,-0.299,-0.346,-0.286,-0.112,-0.209,-0.062,-0.099,-0.122,-0.412,-0.171,-1.8,-2.27
-0.059,-0.089,0.0,-0.071,-0.002,-0.081,-0.117,-0.101,-0.139,-0.139,-0.131,-0.123,-0.077,-0.024,-0.286,-0.296,-0.326,-0.132,-0.168,-0.362,-0.575,-0.021,-0.198,-0.31,-0.16,-0.153,-0.152,-0.162,-0.246,-0.274,-0.191,-0.158,-0.053,-0.092,-0.05,-0.91,-0.15,-1.496,-2.168
-0.048,-0.064,0.0,-0.027,0.0,-0.076,-0.089,-0.08,-0.087,-0.252,-0.245,-0.086,-0.048,-0.012,-0.289,-0.321,-0.314,-0.062,-0.169,-1.011,-1.906,-0.124,-0.321,-0.417,-0.143,-0.146,-0.145,-0.116,-0.186,-0.181,-0.119,-0.183,-0.063,-0.099,-0.038,-1.867,-0.195,-1.141,-2.04
-0.006,-0.029,0.0,0.0,0.0,-0.041,-0.06,-0.137,-0.169,-0.195,-0.187,-0.164,-0.062,-0.024,-0.584,-1.404,-0.678,-0.188,-0.259,-0.652,-2.152,-0.235,-0.382,-0.268,-0.122,-0.126,-0.124,-0.077,-0.132,-0.138,-0.072,-0.123,-0.029,-0.066,-0.027,-1.236,-0.305,-0.796,-1.876
0.0,-0.038,0.0,0.0,0.0,-0.022,-0.083,-0.049,-0.053,-0.088,-0.081,-0.078,-0.051,0.0,-0.484,-1.392,-0.544,-0.38,-0.149,-0.469,-1.775,-0.05,-0.227,-0.189,-0.172,-0.175,-0.175,-0.045,-0.09,-0.071,-0.088,-0.103,-0.004,-0.033,-0.001,-0.841,-0.478,-0.535,-0.975
0.0,-0.005,0.0,0.0,0.0,-0.014,-0.027,-0.029,-0.024,-0.067,-0.059,-0.035,-0.016,-0.001,-0.267,-0.211,-0.303,-0.129,-0.098,-0.216,-1.325,-0.024,-0.191,-0.128,-0.324,-0.345,-0.343,-0.014,-0.059,-0.041,-0.017,-0.03,0.0,-0.026,-0.008,-0.533,-0.305,-0.324,-0.754
0.0,-0.004,0.0,0.0,0.0,-0.003,-0.019,-0.02,-0.016,-0.041,-0.034,-0.04,-0.002,0.0,-0.133,-0.097,-0.148,-0.061,-0.057,-0.167,-0.83,-0.01,-0.121,-0.1,-0.126,-0.14,-0.138,-0.001,-0.029,-0.024,-0.002,-0.017,0.0,-0.001,0.0,-0.302,-0.134,-0.198,-0.279
0.0,-0.001,0.0,0.0,0.0,0.0,-0.018,-0.011,-0.012,-0.013,-0.009,-0.03,-0.01,0.0,-0.069,-0.053,-0.069,-0.012,-0.031,-0.108,-0.532,-0.002,-0.04,-0.058,-0.02,-0.018,-0.018,-0.001,-0.014,-0.002,0.0,-0.021,0.0,0.0,0.0,-0.113,-0.074,-0.097,-0.244
0.0,0.0,0.0,0.0,0.0,0.0,-0.004,0.0,0.0,0.0,0.0,0.0,0.0,0.0,-0.039,-0.02,-0.033,-0.003,-0.028,-0.047,-0.141,0.0,-0.011,-0.012,0.0,0.0,0.0,0.0,-0.014,0.0,0.0,0.0,0.0,0.0,0.0,-0.034,-0.027,-0.03,-0.067
0.0,0.0,0.0,0.0,0.0,0.0,0.0,0.0,0.0,0.0,0.0,0.0,0.0,0.0,-0.001,-0.002,-0.001,0.0,0.0,-0.001,-0.02,0.0,0.0,0.0,0.0,0.0,0.0,0.0,0.0,0.0,0.0,0.0,0.0,0.0,0.0,0.0,0.0,-0.002,-0.008
0.0,0.0,0.0,0.0,0.0,0.0,0.0,0.0,0.0,0.0,0.0,0.0,0.0,0.0,0.0,0.0,0.0,0.0,0.0,0.0,0.0,0.0,0.0,0.0,0.0,0.0,0.0,0.0,0.0,0.0,0.0,0.0,0.0,0.0,0.0,0.0,0.0,0.0,0.0
0.0,0.0,0.0,0.0,0.0,0.0,0.0,0.0,0.0,0.0,0.0,0.0,0.0,0.0,0.0,0.0,0.0,0.0,0.0,0.0,0.0,0.0,0.0,0.0,0.0,0.0,0.0,0.0,0.0,0.0,0.0,0.0,0.0,0.0,0.0,0.0,0.0,0.0,0.0
0.0,0.0,0.0,0.0,0.0,0.0,0.0,0.0,0.0,0.0,0.0,0.0,0.0,0.0,0.0,0.0,0.0,0.0,0.0,0.0,0.0,0.0,0.0,0.0,0.0,0.0,0.0,0.0,0.0,0.0,0.0,0.0,0.0,0.0,0.0,0.0,0.0,0.0,0.0
0.0,0.0,0.0,0.0,0.0,0.0,0.0,0.0,0.0,0.0,0.0,0.0,0.0,0.0,0.0,0.0,0.0,0.0,0.0,0.0,0.0,0.0,0.0,0.0,0.0,0.0,0.0,0.0,0.0,0.0,0.0,0.0,0.0,0.0,0.0,0.0,0.0,0.0,0.0
0.0,0.0,0.0,0.0,0.0,0.0,0.0,0.0,0.0,0.0,0.0,0.0,0.0,0.0,0.0,0.0,0.0,0.0,0.0,0.0,0.0,0.0,0.0,0.0,0.0,0.0,0.0,0.0,0.0,0.0,0.0,0.0,0.0,0.0,0.0,0.0,0.0,0.0,0.0
0.0,0.0,0.0,0.0,0.0,0.0,0.0,0.0,0.0,0.0,0.0,0.0,0.0,0.0,0.0,0.0,0.0,0.0,0.0,0.0,0.0,0.0,0.0,0.0,0.0,0.0,0.0,0.0,0.0,0.0,0.0,0.0,0.0,0.0,0.0,0.0,0.0,0.0,0.0
0.0,0.0,0.0,0.0,0.0,0.0,0.0,0.0,0.0,0.0,0.0,0.0,0.0,0.0,0.0,0.0,0.0,0.0,0.0,0.0,0.0,0.0,0.0,0.0,0.0,0.0,0.0,0.0,0.0,0.0,0.0,0.0,0.0,0.0,0.0,0.0,0.0,0.0,0.0
0.0,0.0,0.0,0.0,0.0,0.0,0.0,0.0,0.0,0.0,0.0,0.0,0.0,0.0,0.0,0.0,0.0,0.0,0.0,0.0,0.0,0.0,0.0,0.0,0.0,0.0,0.0,0.0,0.0,0.0,0.0,0.0,0.0,0.0,0.0,0.0,0.0,0.0,0.0
0.0,0.0,0.0,0.0,0.0,0.0,0.0,0.0,0.0,0.0,0.0,0.0,0.0,0.0,0.0,0.0,0.0,0.0,0.0,0.0,0.0,0.0,0.0,0.0,0.0,0.0,0.0,0.0,0.0,0.0,0.0,0.0,0.0,0.0,0.0,0.0,0.0,0.0,0.0
0.0,0.0,0.0,0.0,0.0,0.0,0.0,0.0,0.0,0.0,0.0,0.0,0.0,0.0,0.0,0.0,0.0,0.0,0.0,0.0,0.0,0.0,0.0,0.0,0.0,0.0,0.0,0.0,0.0,0.0,0.0,0.0,0.0,0.0,0.0,0.0,0.0,0.0,0.0
0.0,0.0,0.0,0.0,0.0,0.0,0.0,0.0,0.0,0.0,0.0,0.0,0.0,0.0,0.0,0.0,0.0,0.0,0.0,0.0,0.0,0.0,0.0,0.0,0.0,0.0,0.0,0.0,0.0,0.0,0.0,0.0,0.0,0.0,0.0,0.0,0.0,0.0,0.0
0.0,0.0,0.0,0.0,0.0,0.0,0.0,0.0,0.0,0.0,0.0,0.0,0.0,0.0,0.0,0.0,0.0,0.0,0.0,0.0,0.0,0.0,0.0,0.0,0.0,0.0,0.0,0.0,0.0,0.0,0.0,0.0,0.0,0.0,0.0,0.0,0.0,0.0,0.0
0.0,0.0,0.0,0.0,0.0,0.0,0.0,0.0,0.0,0.0,0.0,0.0,0.0,0.0,0.0,0.0,0.0,0.0,0.0,0.0,0.0,0.0,0.0,0.0,0.0,0.0,0.0,0.0,0.0,0.0,0.0,0.0,0.0,0.0,0.0,0.0,0.0,0.0,0.0
0.0,0.0,0.0,0.0,0.0,0.0,0.0,0.0,0.0,0.0,0.0,0.0,0.0,0.0,0.0,0.0,0.0,0.0,0.0,0.0,0.0,0.0,0.0,0.0,0.0,0.0,0.0,0.0,0.0,0.0,0.0,0.0,0.0,0.0,0.0,0.0,0.0,0.0,0.0
0.0,0.0,0.0,0.0,0.0,0.0,0.0,0.0,0.0,0.0,0.0,0.0,0.0,0.0,0.0,0.0,0.0,0.0,0.0,0.0,0.0,0.0,0.0,0.0,0.0,0.0,0.0,0.0,0.0,0.0,0.0,0.0,0.0,0.0,0.0,0.0,0.0,0.0,0.0
0.0,0.0,0.0,0.0,0.0,0.0,0.0,0.0,0.0,0.0,0.0,0.0,0.0,0.0,0.0,0.0,0.0,0.0,0.0,0.0,0.0,0.0,0.0,0.0,0.0,0.0,0.0,0.0,0.0,0.0,0.0,0.0,0.0,0.0,0.0,0.0,0.0,0.0,0.0
0.0,0.0,0.0,0.0,0.0,0.0,0.0,0.0,0.0,0.0,0.0,0.0,0.0,0.0,0.0,0.0,0.0,0.0,0.0,0.0,0.0,0.0,0.0,0.0,0.0,0.0,0.0,0.0,0.0,0.0,0.0,0.0,0.0,0.0,0.0,0.0,0.0,0.0,0.0
0.0,0.0,0.0,0.0,0.0,0.0,0.0,0.0,0.0,0.0,0.0,0.0,0.0,0.0,0.0,0.0,0.0,0.0,0.0,0.0,0.0,0.0,0.0,0.0,0.0,0.0,0.0,0.0,0.0,0.0,0.0,0.0,0.0,0.0,0.0,0.0,0.0,0.0,0.0
0.0,0.0,0.0,0.0,0.0,0.0,0.0,0.0,0.0,0.0,0.0,0.0,0.0,0.0,0.0,0.0,0.0,0.0,0.0,0.0,0.0,0.0,0.0,0.0,0.0,0.0,0.0,0.0,0.0,0.0,0.0,0.0,0.0,0.0,0.0,0.0,0.0,0.0,0.0
0.0,0.0,0.0,0.0,0.0,0.0,0.0,0.0,0.0,0.0,0.0,0.0,0.0,0.0,0.0,0.0,0.0,0.0,0.0,0.0,0.0,0.0,0.0,0.0,0.0,0.0,0.0,0.0,0.0,0.0,0.0,0.0,0.0,0.0,0.0,0.0,0.0,0.0,0.0
0.0,0.0,0.0,0.0,0.0,0.0,0.0,0.0,0.0,0.0,0.0,0.0,0.0,0.0,0.0,0.0,0.0,0.0,0.0,0.0,0.0,0.0,0.0,0.0,0.0,0.0,0.0,0.0,0.0,0.0,0.0,0.0,0.0,0.0,0.0,0.0,0.0,0.0,0.0
0.0,0.0,0.0,0.0,0.0,0.0,0.0,0.0,0.0,0.0,0.0,0.0,0.0,0.0,0.0,0.0,0.0,0.0,0.0,0.0,0.0,0.0,0.0,0.0,0.0,0.0,0.0,0.0,0.0,0.0,0.0,0.0,0.0,0.0,0.0,0.0,0.0,0.0,0.0
0.0,0.0,0.0,0.0,0.0,0.0,0.0,0.0,0.0,0.0,0.0,0.0,0.0,0.0,0.0,0.0,0.0,0.0,0.0,0.0,0.0,0.0,0.0,0.0,0.0,0.0,0.0,0.0,0.0,0.0,0.0,0.0,0.0,0.0,0.0,0.0,0.0,0.0,0.0
0.0,0.0,0.0,0.0,0.0,0.0,0.0,0.0,0.0,0.0,0.0,0.0,0.0,0.0,0.0,0.0,0.0,0.0,0.0,0.0,0.0,0.0,0.0,0.0,0.0,0.0,0.0,0.0,0.0,0.0,0.0,0.0,0.0,0.0,0.0,0.0,0.0,0.0,0.0
0.0,0.0,0.0,0.0,0.0,0.0,0.0,0.0,0.0,0.0,0.0,0.0,0.0,0.0,0.0,0.0,0.0,0.0,0.0,0.0,0.0,0.0,0.0,0.0,0.0,0.0,0.0,0.0,0.0,0.0,0.0,0.0,0.0,0.0,0.0,0.0,0.0,0.0,0.0
0.0,0.0,0.0,0.0,0.0,0.0,0.0,0.0,0.0,0.0,0.0,0.0,0.0,0.0,0.0,0.0,0.0,0.0,0.0,0.0,0.0,0.0,0.0,0.0,0.0,0.0,0.0,0.0,0.0,0.0,0.0,0.0,0.0,0.0,0.0,0.0,0.0,0.0,0.0
0.0,0.0,0.0,0.0,0.0,0.0,0.0,0.0,0.0,0.0,0.0,0.0,0.0,0.0,0.0,0.0,0.0,0.0,0.0,0.0,0.0,0.0,0.0,0.0,0.0,0.0,0.0,0.0,0.0,0.0,0.0,0.0,0.0,0.0,0.0,0.0,0.0,0.0,0.0
0.0,0.0,0.0,0.0,0.0,0.0,0.0,0.0,0.0,0.0,0.0,0.0,0.0,0.0,0.0,0.0,0.0,0.0,0.0,0.0,0.0,0.0,0.0,0.0,0.0,0.0,0.0,0.0,0.0,0.0,0.0,0.0,0.0,0.0,0.0,0.0,0.0,0.0,0.0
0.0,0.0,0.0,0.0,0.0,0.0,0.0,0.0,0.0,0.0,0.0,0.0,0.0,0.0,0.0,0.0,0.0,0.0,0.0,0.0,0.0,0.0,0.0,0.0,0.0,0.0,0.0,0.0,0.0,0.0,0.0,0.0,0.0,0.0,0.0,0.0,0.0,0.0,0.0
0.0,0.0,0.0,0.0,0.0,0.0,0.0,0.0,0.0,0.0,0.0,0.0,0.0,0.0,0.0,0.0,0.0,0.0,0.0,0.0,0.0,0.0,0.0,0.0,0.0,0.0,0.0,0.0,0.0,0.0,0.0,0.0,0.0,0.0,0.0,0.0,0.0,0.0,0.0
0.0,0.0,0.0,0.0,0.0,0.0,0.0,0.0,0.0,0.0,0.0,0.0,0.0,0.0,0.0,0.0,0.0,0.0,0.0,0.0,0.0,0.0,0.0,0.0,0.0,0.0,0.0,0.0,0.0,0.0,0.0,0.0,0.0,0.0,0.0,0.0,0.0,0.0,0.0
0.0,0.0,0.0,0.0,0.0,0.0,0.0,0.0,0.0,0.0,0.0,0.0,0.0,0.0,0.0,0.0,0.0,0.0,0.0,0.0,0.0,0.0,0.0,0.0,0.0,0.0,0.0,0.0,0.0,0.0,0.0,0.0,0.0,0.0,0.0,0.0,0.0,0.0,0.0
0.0,0.0,0.0,0.0,0.0,0.0,0.0,0.0,0.0,0.0,0.0,0.0,0.0,0.0,0.0,0.0,0.0,0.0,0.0,0.0,0.0,0.0,0.0,0.0,0.0,0.0,0.0,0.0,0.0,0.0,0.0,0.0,0.0,0.0,0.0,0.0,0.0,0.0,0.0
0.0,0.0,0.0,0.0,0.0,0.0,0.0,0.0,0.0,0.0,0.0,0.0,0.0,0.0,0.0,0.0,0.0,0.0,0.0,0.0,0.0,0.0,0.0,0.0,0.0,0.0,0.0,0.0,0.0,0.0,0.0,0.0,0.0,0.0,0.0,0.0,0.0,0.0,0.0
0.0,0.0,0.0,0.0,0.0,0.0,0.0,0.0,0.0,0.0,0.0,0.0,0.0,0.0,0.0,0.0,0.0,0.0,0.0,0.0,0.0,0.0,0.0,0.0,0.0,0.0,0.0,0.0,0.0,0.0,0.0,0.0,0.0,0.0,0.0,0.0,0.0,0.0,0.0
0.0,0.0,0.0,0.0,0.0,0.0,0.0,0.0,0.0,0.0,0.0,0.0,0.0,0.0,0.0,0.0,0.0,0.0,0.0,0.0,0.0,0.0,0.0,0.0,0.0,0.0,0.0,0.0,0.0,0.0,0.0,0.0,0.0,0.0,0.0,0.0,0.0,0.0,0.0
0.0,0.0,0.0,0.0,0.0,0.0,0.0,0.0,0.0,0.0,0.0,0.0,0.0,0.0,0.0,0.0,0.0,0.0,0.0,0.0,0.0,0.0,0.0,0.0,0.0,0.0,0.0,0.0,0.0,0.0,0.0,0.0,0.0,0.0,0.0,0.0,0.0,0.0,0.0
0.0,0.0,0.0,0.0,0.0,0.0,0.0,0.0,0.0,0.0,0.0,0.0,0.0,0.0,0.0,0.0,0.0,0.0,0.0,0.0,0.0,0.0,0.0,0.0,0.0,0.0,0.0,0.0,0.0,0.0,0.0,0.0,0.0,0.0,0.0,0.0,0.0,0.0,0.0
0.0,0.0,0.0,0.0,0.0,0.0,0.0,0.0,0.0,0.0,0.0,0.0,0.0,0.0,0.0,0.0,0.0,0.0,0.0,0.0,0.0,0.0,0.0,0.0,0.0,0.0,0.0,0.0,0.0,0.0,0.0,0.0,0.0,0.0,0.0,0.0,0.0,0.0,0.0
0.0,0.0,0.0,0.0,0.0,0.0,0.0,0.0,0.0,0.0,0.0,0.0,0.0,0.0,0.0,0.0,0.0,0.0,0.0,0.0,0.0,0.0,0.0,0.0,0.0,0.0,0.0,0.0,0.0,0.0,0.0,0.0,0.0,0.0,0.0,0.0,0.0,0.0,0.0
0.0,0.0,0.0,0.0,0.0,0.0,0.0,0.0,0.0,0.0,0.0,0.0,0.0,0.0,0.0,0.0,0.0,0.0,0.0,0.0,0.0,0.0,0.0,0.0,0.0,0.0,0.0,0.0,0.0,0.0,0.0,0.0,0.0,0.0,0.0,0.0,0.0,0.0,0.0
0.0,0.0,0.0,0.0,0.0,0.0,0.0,0.0,0.0,0.0,0.0,0.0,0.0,0.0,0.0,0.0,0.0,0.0,0.0,0.0,0.0,0.0,0.0,0.0,0.0,0.0,0.0,0.0,0.0,0.0,0.0,0.0,0.0,0.0,0.0,0.0,0.0,0.0,0.0
0.0,0.0,0.0,0.0,0.0,-0.008,0.0,0.0,0.0,0.0,0.0,0.0,0.0,0.0,0.0,0.0,0.0,0.0,0.0,0.0,-0.003,0.0,0.0,0.0,0.0,0.0,0.0,0.0,0.0,0.0,0.0,0.0,-0.004,-0.03,-0.008,0.0,0.0,0.0,0.0
0.0,0.0,0.0,0.0,0.0,-0.058,-0.02,-0.003,-0.005,-0.004,-0.004,-0.024,0.0,0.0,0.0,0.0,0.0,0.0,-0.013,-0.053,-0.134,0.0,0.0,0.0,0.0,0.0,0.0,-0.001,-0.024,-0.008,-0.001,-0.022,-0.061,-0.097,-0.044,0.0,0.0,-0.025,0.0
-0.003,-0.001,0.0,0.0,0.0,-0.078,-0.062,-0.043,-0.031,-0.048,-0.041,-0.06,-0.032,-0.011,-0.003,-0.015,-0.009,-0.003,-0.061,-0.144,-0.61,-0.004,0.0,0.0,-0.035,-0.039,-0.038,-0.007,-0.043,-0.038,-0.008,-0.046,-0.168,-0.201,-0.079,-0.048,-0.008,-0.076,-0.01
-0.027,-0.002,0.0,0.0,0.0,-0.167,-0.105,-0.074,-0.067,-0.096,-0.087,-0.102,-0.063,-0.019,-0.047,-0.05,-0.057,-0.058,-0.104,-0.245,-1.302,-0.03,-0.016,-0.001,-0.081,-0.085,-0.085,-0.044,-0.092,-0.097,-0.037,-0.061,-0.318,-0.351,-0.133,-0.144,-0.057,-0.143,-0.072
-0.036,-0.017,-0.001,-0.037,0.0,-0.172,-0.144,-0.098,-0.107,-0.143,-0.134,-0.146,-0.128,-0.044,-0.123,-0.123,-0.12,-0.058,-0.196,-0.386,-2.097,-0.056,-0.029,-0.034,-0.136,-0.129,-0.127,-0.102,-0.138,-0.185,-0.073,-0.064,-0.547,-0.578,-0.232,-0.269,-0.16,-0.209,-0.08
-0.065,-0.05,-0.033,-0.073,-0.047,-0.214,-0.163,-0.153,-0.179,-0.239,-0.232,-0.2,-0.183,-0.039,-0.154,-0.187,-0.176,-0.173,-0.235,-0.539,-2.403,-0.099,-0.048,-0.04,-0.121,-0.093,-0.093,-0.111,-0.14,-0.217,-0.095,-0.101,-0.906,-0.938,-0.373,-0.362,-0.266,-0.257,-0.159
-0.088,-0.033,-0.084,-0.15,-0.098,-0.443,-0.23,-0.273,-0.341,-0.358,-0.35,-0.282,-0.194,-0.066,-0.238,-0.421,-0.348,-0.343,-0.386,-0.774,-2.784,-0.189,-0.07,-0.091,-0.218,-0.18,-0.178,-0.142,-0.179,-0.24,-0.18,-0.121,-1.168,-1.193,-0.432,-0.442,-0.83,-0.336,-0.473
-0.139,-0.067,-0.111,-0.163,-0.123,-0.703,-0.333,-0.455,-0.529,-0.587,-0.574,-0.399,-0.133,-0.249,-0.469,-0.766,-0.576,-0.254,-0.645,-1.071,-3.028,-0.323,-0.143,-0.123,-0.205,-0.192,-0.194,-0.161,-0.221,-0.286,-0.208,-0.185,-1.443,-1.463,-0.632,-0.639,-1.162,-0.489,-1.105
-0.225,-0.054,-0.11,-0.136,-0.116,-2.308,-0.481,-0.739,-0.703,-0.992,-0.963,-0.613,-0.062,-0.342,-0.592,-0.91,-0.678,-0.287,-1.0,-1.246,-3.29,-0.508,-0.194,-0.11,-0.233,-0.271,-0.269,-0.187,-0.277,-0.379,-0.363,-0.28,-1.72,-1.746,-0.882,-0.795,-1.447,-0.85,-1.647
-0.293,-0.167,-0.187,-0.218,-0.206,-3.591,-0.7,-2.367,-1.466,-1.473,-1.456,-0.761,-0.089,-0.234,-1.209,-2.496,-1.179,-0.674,-1.271,-1.561,-3.505,-0.663,-0.23,-0.182,-0.138,-0.286,-0.284,-0.2,-0.289,-0.828,-0.593,-0.329,-2.014,-2.038,-0.977,-1.195,-1.79,-0.979,-0.577
-0.474,-0.252,-0.23,-0.293,-0.252,-3.943,-1.716,-2.897,-1.686,-2.285,-2.245,-1.276,-0.177,-0.236,-0.922,-2.07,-0.906,-0.564,-1.949,-1.518,-2.99,-0.848,-0.294,-0.384,-0.185,-0.263,-0.26,-0.228,-0.338,-1.148,-1.178,-0.43,-2.293,-2.314,-3.972,-1.452,-1.634,-0.716,-0.545
-0.542,-0.348,-0.258,-0.316,-0.282,-3.671,-2.341,-1.819,-1.253,-2.706,-2.652,-1.365,-0.341,-0.24,-1.742,-2.986,-1.898,-0.816,-1.133,-1.814,-2.055,-1.014,-0.371,-0.372,-0.172,-0.176,-0.174,-0.4,-0.724,-2.062,-1.65,-0.467,-2.569,-2.589,-3.607,-1.789,-2.279,-1.31,-1.936
-0.855,-0.522,-0.297,-0.372,-0.32,-3.777,-1.76,-3.187,-1.913,-2.959,-2.894,-2.111,-0.385,-0.441,-1.759,-2.88,-2.081,-1.022,-1.205,-2.315,-3.714,-1.061,-0.393,-0.504,-0.264,-0.32,-0.316,-0.71,-1.065,-1.678,-2.269,-0.696,-2.33,-2.306,-3.937,-1.741,-2.559,-2.396,-1.702
-1.07,-1.347,-0.431,-0.494,-0.561,-4.205,-2.885,-4.644,-2.854,-3.094,-3.029,-2.965,-0.529,-0.569,-1.715,-2.266,-1.838,-0.632,-0.996,-2.135,-2.459,-1.222,-0.315,-0.602,-0.354,-0.397,-0.394,-0.717,-1.161,-2.004,-2.307,-0.993,-3.063,-3.08,-2.645,-1.823,-2.808,-2.731,-1.11
-1.435,-1.065,-0.632,-0.748,-0.743,-4.292,-2.979,-4.681,-3.037,-3.5,-3.431,-3.331,-0.812,-0.534,-1.588,-1.96,-1.488,-0.723,-0.913,-2.323,-3.996,-1.53,-0.475,-0.578,-0.364,-0.382,-0.379,-0.931,-1.699,-2.847,-3.506,-0.928,-3.249,-3.284,-3.742,-1.786,-2.994,-3.011,-0.347
-0.973,-2.662,-1.314,-1.263,-1.393,-4.374,-2.735,-4.672,-3.197,-3.74,-3.671,-3.526,-1.145,-0.462,-2.737,-3.691,-2.424,-0.532,-1.043,-2.752,-3.651,-1.613,-0.659,-0.872,-0.426,-0.457,-0.453,-1.056,-2.2,-2.96,-4.527,-0.796,-3.48,-3.503,-2.661,-1.212,-3.635,-2.576,-1.116
-1.286,-2.473,-2.49,-2.262,-2.658,-4.366,-4.37,-4.668,-3.327,-4.053,-3.976,-3.75,-1.504,-1.153,-1.897,-2.953,-1.996,-0.459,-1.186,-3.207,-3.591,-1.767,-0.764,-0.753,-0.474,-0.666,-0.66,-1.462,-1.626,-4.266,-3.978,-0.798,-3.669,-3.704,-3.23,-1.242,-3.855,-1.869,-2.031
-1.507,-1.666,-1.627,-1.8,-1.758,-4.376,-4.737,-4.741,-3.514,-4.129,-4.048,-4.107,-1.33,-1.327,-2.768,-4.002,-3.135,-0.639,-0.774,-3.152,-2.531,-1.406,-0.672,-0.579,-0.577,-0.825,-0.82,-1.235,-1.169,-4.231,-4.381,-0.67,-3.859,-3.901,-4.355,-1.732,-3.529,-1.291,-1.712
-2.645,-1.416,-1.886,-1.446,-1.906,-4.403,-4.722,-4.713,-3.616,-4.301,-4.221,-4.162,-1.547,-1.772,-3.118,-3.312,-2.908,-0.863,-0.67,-2.387,-2.098,-1.009,-0.956,-0.977,-1.21,-1.565,-1.555,-1.056,-1.722,-4.272,-4.489,-0.907,-3.972,-3.931,-4.112,-1.528,-3.569,-2.745,-2.392
-3.587,-1.229,-1.777,-1.337,-1.496,-4.397,-4.712,-4.748,-3.741,-4.443,-4.371,-4.192,-1.702,-1.762,-3.257,-3.806,-3.574,-1.023,-0.53,-1.604,-4.065,-0.742,-0.845,-0.577,-1.8,-1.942,-1.94,-1.721,-2.612,-4.263,-4.505,-1.267,-3.416,-3.517,-2.129,-3.154,-2.055,-2.199,-2.607
-4.367,-2.824,-3.384,-3.214,-3.879,-4.45,-4.741,-4.705,-3.836,-4.587,-4.524,-4.284,-1.856,-1.536,-2.424,-3.086,-2.102,-1.326,-0.505,-2.732,-3.986,-1.089,-0.915,-0.919,-1.811,-1.576,-1.572,-3.124,-4.451,-4.35,-4.495,-1.653,-2.799,-2.975,-2.222,-2.366,-2.604,-2.852,-2.478
-3.624,-2.019,-4.331,-3.09,-4.643,-4.496,-4.744,-4.705,-3.918,-4.696,-4.638,-4.348,-3.191,-2.241,-1.553,-1.866,-1.299,-1.377,-0.616,-1.845,-2.24,-1.15,-1.32,-0.76,-1.344,-1.401,-1.39,-4.215,-4.671,-4.39,-4.549,-2.204,-3.191,-3.257,-3.689,-3.275,-1.8,-4.062,-1.588
-4.029,-4.036,-4.153,-2.501,-3.198,-4.609,-4.699,-4.692,-3.961,-4.766,-4.716,-4.428,-3.278,-2.212,-3.165,-1.255,-1.514,-0.986,-0.616,-1.765,-1.971,-1.527,-0.878,-0.796,-0.866,-0.836,-0.834,-4.207,-4.518,-4.414,-4.479,-3.812,-4.069,-4.093,-3.635,-3.587,-1.179,-3.506,-1.2
-4.136,-3.979,-3.508,-4.107,-3.301,-4.643,-4.644,-4.648,-3.984,-4.839,-4.794,-4.461,-3.325,-2.874,-1.9,-1.305,-1.561,-0.964,-0.684,-1.136,-0.786,-2.043,-0.598,-0.601,-0.709,-0.688,-0.681,-4.245,-4.493,-4.37,-4.525,-3.621,-4.683,-4.746,-4.421,-3.944,-1.554,-4.149,-0.613
-4.134,-4.432,-3.625,-2.795,-2.968,-4.726,-4.595,-4.659,-4.036,-4.871,-4.826,-4.478,-2.617,-2.377,-1.665,-2.661,-2.828,-0.782,-0.499,-0.594,-0.752,-0.902,-0.682,-0.864,-1.063,-1.379,-1.367,-4.224,-4.452,-4.368,-4.467,-3.524,-4.87,-4.912,-4.55,-3.557,-2.682,-3.602,-0.921
-4.155,-4.484,-1.946,-4.134,-2.029,-4.71,-4.616,-4.635,-4.055,-4.847,-4.794,-4.474,-2.112,-2.765,-1.567,-2.63,-1.777,-0.773,-0.68,-0.426,-1.487,-0.562,-1.148,-0.892,-0.736,-1.375,-1.376,-4.217,-4.426,-4.341,-4.221,-2.722,-4.792,-4.799,-3.951,-3.951,-2.905,-3.701,-1.371
-4.108,-4.567,-2.849,-1.581,-2.892,-4.712,-4.581,-4.614,-4.032,-4.865,-4.811,-4.443,-3.41,-4.151,-2.455,-2.971,-2.935,-0.81,-0.752,-0.61,-1.987,-1.003,-0.84,-1.128,-0.888,-0.951,-0.949,-4.214,-4.417,-4.361,-2.739,-4.915,-4.684,-4.779,-4.503,-4.328,-2.807,-3.145,-2.614
-4.064,-3.904,-4.504,-4.893,-4.815,-4.732,-4.539,-4.567,-4.003,-4.83,-4.775,-4.425,-3.683,-4.144,-2.573,-3.534,-4.055,-0.828,-0.761,-0.599,-2.034,-1.598,-0.673,-1.134,-0.694,-0.658,-0.656,-4.22,-4.442,-4.367,-4.506,-4.518,-4.717,-4.759,-4.504,-4.229,-3.006,-3.919,-2.05
-4.18,-4.569,-3.685,-4.735,-4.085,-4.724,-4.582,-4.612,-4.005,-4.872,-4.814,-4.301,-3.899,-4.373,-2.568,-1.723,-1.886,-0.73,-0.757,-2.009,-3.454,-1.04,-0.638,-1.006,-0.878,-0.599,-0.592,-4.194,-4.447,-4.376,-4.302,-4.418,-4.769,-4.838,-4.396,-4.266,-2.489,-2.682,-2.219
-4.244,-4.54,-3.898,-4.739,-4.204,-4.619,-4.543,-4.595,-3.962,-4.795,-4.752,-4.369,-3.822,-4.352,-3.263,-3.152,-3.397,-0.741,-0.4,-1.543,-4.579,-0.883,-0.756,-1.189,-1.156,-0.849,-0.842,-4.173,-4.435,-4.325,-4.232,-4.438,-3.298,-3.526,-3.939,-4.262,-3.968,-4.43,-2.342
-4.302,-4.52,-4.61,-4.787,-4.752,-4.611,-4.525,-4.603,-3.917,-4.668,-4.619,-4.283,-3.815,-4.297,-3.383,-3.587,-3.053,-0.363,-1.319,-2.519,-2.903,-0.809,-0.975,-1.842,-0.963,-0.837,-0.831,-4.138,-4.449,-4.298,-4.371,-4.418,-4.525,-4.555,-3.836,-4.215,-2.767,-4.298,-2.944
-3.376,-4.461,-4.069,-4.935,-4.279,-4.671,-4.531,-4.591,-3.85,-4.653,-4.599,-4.173,-3.669,-4.23,-3.681,-2.756,-3.566,-0.937,-1.305,-2.028,-2.42,-0.914,-1.255,-1.598,-1.525,-1.183,-1.157,-4.135,-4.465,-3.95,-4.372,-4.306,-4.34,-4.389,-3.878,-4.167,-1.862,-3.684,-2.26
-4.34,-4.394,-4.415,-4.733,-4.925,-4.67,-4.515,-4.632,-3.796,-4.593,-4.527,-4.164,-3.589,-4.046,-3.484,-4.221,-3.748,-0.885,-1.102,-2.026,-2.103,-0.803,-1.368,-1.532,-1.81,-2.315,-2.372,-4.113,-4.387,-4.404,-4.321,-4.227,-4.2,-4.272,-4.183,-4.094,-3.057,-3.982,-2.789
-4.246,-4.348,-3.606,-3.604,-3.727,-4.646,-4.477,-4.602,-3.695,-4.394,-4.332,-4.059,-3.54,-3.992,-3.405,-4.184,-3.641,-1.181,-1.002,-1.713,-2.006,-0.888,-1.698,-1.46,-1.708,-2.227,-2.224,-4.098,-4.372,-4.36,-4.351,-4.149,-4.077,-4.142,-4.066,-4.014,-4.28,-3.801,-2.91
-4.237,-4.236,-4.448,-4.681,-4.659,-4.654,-4.461,-4.554,-3.559,-4.17,-4.123,-3.942,-3.459,-3.894,-3.273,-4.188,-3.524,-0.694,-1.905,-1.977,-4.407,-1.604,-1.522,-0.81,-1.303,-1.167,-1.163,-4.064,-4.316,-4.204,-4.319,-4.02,-3.659,-3.663,-4.048,-3.896,-3.963,-3.484,-2.807
-4.222,-4.145,-4.412,-4.622,-4.613,-4.65,-4.442,-4.53,-3.423,-4.005,-3.977,-3.768,-3.351,-3.758,-3.073,-4.167,-3.39,-0.985,-1.16,-2.475,-4.336,-1.041,-0.987,-0.45,-1.072,-1.092,-1.085,-4.081,-4.304,-4.126,-4.301,-3.851,-2.617,-2.762,-4.013,-3.801,-3.823,-1.418,-2.752
-4.149,-4.001,-4.393,-4.587,-4.561,-4.628,-4.389,-4.535,-3.309,-3.948,-3.904,-3.588,-3.224,-3.624,-2.917,-4.153,-3.267,-0.662,-0.857,-2.449,-4.56,-1.795,-0.95,-0.234,-1.163,-1.159,-1.152,-4.051,-4.218,-4.043,-4.288,-3.673,-2.121,-2.127,-3.94,-3.666,-3.689,-3.497,-2.738
-4.083,-3.835,-4.355,-4.504,-4.521,-4.568,-4.346,-4.494,-3.144,-3.805,-3.759,-3.474,-3.09,-3.44,-2.75,-4.115,-3.106,-1.382,-1.505,-3.66,-4.628,-1.956,-0.879,-0.196,-1.437,-1.337,-1.325,-3.942,-4.188,-4.002,-4.252,-3.526,-1.866,-2.019,-3.906,-3.512,-3.53,-3.531,-2.719
-4.06,-3.682,-4.309,-4.478,-4.488,-4.551,-4.3,-4.506,-2.976,-3.611,-3.569,-3.298,-2.938,-3.24,-2.547,-4.094,-2.939,-0.942,-1.099,-1.534,-4.482,-1.814,-0.94,-0.171,-1.275,-1.45,-1.444,-3.925,-4.169,-3.963,-4.215,-3.332,-3.083,-3.114,-3.752,-3.395,-3.295,-2.898,-2.721
-4.036,-3.504,-4.232,-4.472,-4.388,-4.501,-4.216,-4.432,-2.78,-3.349,-3.313,-3.084,-2.774,-3.026,-2.34,-4.047,-2.744,-0.984,-0.59,-2.548,-4.273,-1.656,-0.944,-0.15,-1.842,-2.215,-2.187,-3.922,-4.057,-3.855,-4.122,-3.084,-2.864,-2.898,-3.448,-3.204,-3.117,-2.725,-2.688
-3.938,-3.284,-4.188,-4.35,-4.344,-4.426,-4.165,-4.393,-2.587,-3.063,-3.038,-2.828,-2.583,-2.797,-2.12,-3.925,-2.565,-0.573,-0.705,-2.918,-4.066,-1.499,-0.862,-0.151,-1.593,-1.764,-1.751,-3.908,-3.987,-3.674,-4.118,-2.862,-2.637,-2.667,-3.543,-3.044,-2.881,-2.272,-2.701
-3.967,-3.061,-4.073,-4.227,-4.235,-4.374,-4.012,-4.333,-2.38,-2.823,-2.804,-2.597,-2.39,-2.55,-1.908,-3.848,-2.393,-0.61,-1.171,-2.577,-4.038,-1.402,-0.788,-0.17,-1.202,-1.221,-1.218,-3.817,-3.842,-3.424,-4.031,-2.621,-2.476,-2.508,-3.423,-2.805,-2.601,-2.516,-2.663
-3.866,-2.789,-3.938,-4.072,-4.084,-4.321,-3.917,-4.255,-2.148,-2.538,-2.522,-2.334,-2.181,-2.29,-1.694,-3.669,-2.169,-0.599,-1.181,-2.105,-3.857,-1.096,-0.866,-0.175,-0.947,-1.007,-0.997,-3.718,-3.745,-3.303,-3.931,-2.339,-2.051,-2.105,-3.281,-2.515,-2.282,-2.325,-2.607
-3.772,-2.541,-3.813,-3.957,-3.949,-4.18,-3.777,-4.108,-1.9,-2.211,-2.199,-2.042,-1.968,-1.995,-1.434,-3.412,-1.867,-0.379,-0.966,-1.584,-3.739,-1.078,-0.747,-0.195,-0.502,-0.478,-0.473,-3.576,-3.48,-3.105,-3.833,-2.048,-1.713,-1.734,-3.102,-2.242,-1.73,-2.023,-2.532
-3.65,-2.271,-3.599,-3.807,-3.762,-4.071,-3.617,-3.973,-1.664,-1.871,-1.859,-1.742,-1.75,-1.686,-1.167,-3.165,-1.615,-0.114,-0.685,-1.718,-3.57,-0.923,-0.683,-0.207,-0.441,-0.354,-0.349,-3.456,-3.075,-2.85,-3.656,-1.781,-1.373,-1.389,-2.86,-1.96,-1.173,-1.696,-2.456
-3.392,-1.969,-3.431,-3.5,-3.57,-3.957,-3.419,-3.809,-1.414,-1.552,-1.542,-1.427,-1.449,-1.377,-0.928,-2.935,-1.384,-0.387,-0.781,-1.29,-3.376,-0.416,-0.561,-0.261,-0.477,-0.469,-0.466,-3.286,-2.56,-2.533,-3.516,-1.462,-1.094,-1.112,-2.651,-1.67,-0.531,-1.377,-2.4
-3.218,-1.641,-3.194,-3.215,-3.31,-3.682,-3.179,-3.606,-1.172,-1.229,-1.223,-1.11,-1.099,-1.077,-0.745,-2.665,-1.115,-0.308,-0.783,-0.916,-3.117,-0.212,-0.905,-0.232,-0.811,-0.72,-0.71,-3.026,-2.082,-1.941,-3.319,-1.167,-0.841,-0.861,-2.383,-1.359,-0.242,-1.097,-2.306
-2.956,-1.301,-2.924,-2.783,-3.007,-2.046,-2.667,-3.375,-0.929,-0.91,-0.905,-0.807,-0.743,-0.79,-0.544,-2.352,-0.688,-0.187,-0.415,-0.652,-2.844,-0.251,-0.744,-0.203,-0.274,-0.259,-0.258,-2.772,-1.563,-0.958,-3.044,-0.878,-0.588,-0.609,-2.126,-1.125,-0.204,-0.817,-2.177
-1.851,-0.967,-2.631,-2.514,-2.734,-1.806,-2.084,-3.021,-0.683,-0.619,-0.616,-0.543,-0.473,-0.524,-0.345,-1.729,-0.383,-0.169,-0.289,-0.397,-2.52,-0.269,-0.514,-0.23,-0.228,-0.205,-0.203,-2.473,-1.021,-0.398,-2.709,-0.614,-0.368,-0.392,-1.79,-0.838,-0.171,-0.542,-2.025
-1.443,-0.426,-2.143,-1.95,-2.309,-1.637,-1.425,-2.553,-0.459,-0.37,-0.378,-0.327,-0.317,-0.311,-0.22,-0.137,-0.262,-0.143,-0.203,-0.254,-0.588,-0.056,-0.325,-0.261,-0.187,-0.177,-0.175,-2.031,-0.618,-0.401,-2.297,-0.391,-0.212,-0.24,-1.166,-0.516,-0.147,-0.316,-1.724
-1.068,-0.142,-1.187,-1.326,-1.63,-0.964,-0.885,-2.073,-0.283,-0.208,-0.208,-0.178,-0.214,-0.165,-0.138,-0.109,-0.163,-0.103,-0.182,-0.154,-1.39,-0.011,-0.187,-0.202,-0.139,-0.144,-0.143,-1.534,-0.213,-0.362,-1.792,-0.225,-0.115,-0.147,-0.686,-0.361,-0.116,-0.168,-1.004
-0.792,-0.076,-0.837,-0.864,-0.954,-0.192,-0.429,-1.277,-0.136,-0.113,-0.107,-0.101,-0.124,-0.086,-0.08,-0.076,-0.082,-0.05,-0.102,-0.085,-0.772,0.0,-0.109,-0.111,-0.115,-0.121,-0.12,-0.922,-0.12,-0.176,-1.08,-0.116,-0.047,-0.082,-0.314,-0.221,-0.084,-0.09,-0.563
-0.328,-0.031,-0.118,-0.242,-0.184,-0.101,-0.125,-0.125,-0.037,-0.057,-0.05,-0.054,-0.052,-0.035,-0.036,-0.036,-0.032,-0.006,-0.03,-0.034,-0.098,0.0,-0.055,-0.05,-0.024,-0.022,-0.022,-0.263,-0.069,-0.054,-0.036,-0.054,-0.002,-0.026,-0.051,-0.07,-0.046,-0.052,-0.077
-0.009,-0.002,0.0,-0.004,0.0,-0.026,-0.013,-0.029,-0.001,-0.01,-0.007,-0.011,-0.008,-0.003,-0.001,-0.002,-0.002,0.0,0.0,-0.001,-0.021,0.0,-0.012,-0.009,0.0,0.0,0.0,-0.001,-0.025,-0.008,-0.004,-0.01,0.0,0.0,-0.004,-0.008,-0.007,-0.016,-0.025
0.0,0.0,0.0,0.0,0.0,0.0,0.0,0.0,0.0,0.0,0.0,0.0,0.0,0.0,0.0,0.0,0.0,0.0,0.0,0.0,0.0,0.0,0.0,0.0,0.0,0.0,0.0,0.0,-0.001,0.0,0.0,0.0,0.0,0.0,0.0,0.0,0.0,-0.001,0.0
0.0,0.0,0.0,0.0,0.0,0.0,0.0,0.0,0.0,0.0,0.0,0.0,0.0,0.0,0.0,0.0,0.0,0.0,0.0,0.0,0.0,0.0,0.0,0.0,0.0,0.0,0.0,0.0,0.0,0.0,0.0,0.0,0.0,0.0,0.0,0.0,0.0,0.0,0.0
0.0,0.0,0.0,0.0,0.0,0.0,0.0,0.0,0.0,0.0,0.0,0.0,0.0,0.0,0.0,0.0,0.0,0.0,0.0,0.0,0.0,0.0,0.0,0.0,0.0,0.0,0.0,0.0,0.0,0.0,0.0,0.0,0.0,0.0,0.0,0.0,0.0,0.0,0.0
0.0,0.0,0.0,0.0,0.0,0.0,0.0,0.0,0.0,0.0,0.0,0.0,0.0,0.0,0.0,0.0,0.0,0.0,0.0,0.0,0.0,0.0,0.0,0.0,0.0,0.0,0.0,0.0,0.0,0.0,0.0,0.0,0.0,0.0,0.0,0.0,0.0,0.0,0.0
0.0,0.0,0.0,0.0,0.0,0.0,0.0,0.0,0.0,0.0,0.0,0.0,0.0,0.0,0.0,0.0,0.0,0.0,0.0,0.0,0.0,0.0,0.0,0.0,0.0,0.0,0.0,0.0,0.0,0.0,0.0,0.0,0.0,0.0,0.0,0.0,0.0,0.0,0.0
0.0,0.0,0.0,0.0,0.0,0.0,0.0,0.0,0.0,0.0,0.0,0.0,0.0,0.0,0.0,0.0,0.0,0.0,0.0,0.0,0.0,0.0,0.0,0.0,0.0,0.0,0.0,0.0,0.0,0.0,0.0,0.0,0.0,0.0,0.0,0.0,0.0,0.0,0.0
0.0,0.0,0.0,0.0,0.0,0.0,0.0,0.0,0.0,0.0,0.0,0.0,0.0,0.0,0.0,0.0,0.0,0.0,0.0,0.0,0.0,0.0,0.0,0.0,0.0,0.0,0.0,0.0,0.0,0.0,0.0,0.0,0.0,0.0,0.0,0.0,0.0,0.0,0.0
0.0,0.0,0.0,0.0,0.0,0.0,0.0,0.0,0.0,0.0,0.0,0.0,0.0,0.0,0.0,0.0,0.0,0.0,0.0,0.0,0.0,0.0,0.0,0.0,0.0,0.0,0.0,0.0,0.0,0.0,0.0,0.0,0.0,0.0,0.0,0.0,0.0,0.0,0.0
0.0,0.0,0.0,0.0,0.0,0.0,0.0,0.0,0.0,0.0,0.0,0.0,0.0,0.0,0.0,0.0,0.0,0.0,0.0,0.0,0.0,0.0,0.0,0.0,0.0,0.0,0.0,0.0,0.0,0.0,0.0,0.0,0.0,0.0,0.0,0.0,0.0,0.0,0.0
0.0,0.0,0.0,0.0,0.0,0.0,0.0,0.0,0.0,0.0,0.0,0.0,0.0,0.0,0.0,0.0,0.0,0.0,0.0,0.0,0.0,0.0,0.0,0.0,0.0,0.0,0.0,0.0,0.0,0.0,0.0,0.0,0.0,0.0,0.0,0.0,0.0,0.0,0.0
0.0,0.0,0.0,0.0,0.0,0.0,0.0,0.0,0.0,0.0,0.0,0.0,0.0,0.0,0.0,0.0,0.0,0.0,0.0,0.0,0.0,0.0,0.0,0.0,0.0,0.0,0.0,0.0,0.0,0.0,0.0,0.0,0.0,0.0,0.0,0.0,0.0,0.0,0.0
0.0,0.0,0.0,0.0,0.0,0.0,0.0,0.0,0.0,0.0,0.0,0.0,0.0,0.0,0.0,0.0,0.0,0.0,0.0,0.0,0.0,0.0,0.0,0.0,0.0,0.0,0.0,0.0,0.0,0.0,0.0,0.0,0.0,0.0,0.0,0.0,0.0,0.0,0.0
0.0,0.0,0.0,0.0,0.0,0.0,0.0,0.0,0.0,0.0,0.0,0.0,0.0,0.0,0.0,0.0,0.0,0.0,0.0,0.0,0.0,0.0,0.0,0.0,0.0,0.0,0.0,0.0,0.0,0.0,0.0,0.0,0.0,0.0,0.0,0.0,0.0,0.0,0.0
0.0,0.0,0.0,0.0,0.0,0.0,0.0,0.0,0.0,0.0,0.0,0.0,0.0,0.0,0.0,0.0,0.0,0.0,0.0,0.0,0.0,0.0,0.0,0.0,0.0,0.0,0.0,0.0,0.0,0.0,0.0,0.0,0.0,0.0,0.0,0.0,0.0,0.0,0.0
0.0,0.0,0.0,0.0,0.0,0.0,0.0,0.0,0.0,0.0,0.0,0.0,0.0,0.0,0.0,0.0,0.0,0.0,0.0,0.0,0.0,0.0,0.0,0.0,0.0,0.0,0.0,0.0,0.0,0.0,0.0,0.0,0.0,0.0,0.0,0.0,0.0,0.0,0.0
0.0,0.0,0.0,0.0,0.0,0.0,0.0,0.0,0.0,0.0,0.0,0.0,0.0,0.0,0.0,0.0,0.0,0.0,0.0,0.0,0.0,0.0,0.0,0.0,0.0,0.0,0.0,0.0,0.0,0.0,0.0,0.0,0.0,0.0,0.0,0.0,0.0,0.0,0.0
0.0,0.0,0.0,0.0,0.0,0.0,0.0,0.0,0.0,0.0,0.0,0.0,0.0,0.0,0.0,0.0,0.0,0.0,0.0,0.0,0.0,0.0,0.0,0.0,0.0,0.0,0.0,0.0,0.0,0.0,0.0,0.0,0.0,0.0,0.0,0.0,0.0,0.0,0.0
0.0,0.0,0.0,0.0,0.0,0.0,0.0,0.0,0.0,0.0,0.0,0.0,0.0,0.0,0.0,0.0,0.0,0.0,0.0,0.0,0.0,0.0,0.0,0.0,0.0,0.0,0.0,0.0,0.0,0.0,0.0,0.0,0.0,0.0,0.0,0.0,0.0,0.0,0.0
0.0,0.0,0.0,0.0,0.0,0.0,0.0,0.0,0.0,0.0,0.0,0.0,0.0,0.0,0.0,0.0,0.0,0.0,0.0,0.0,0.0,0.0,0.0,0.0,0.0,0.0,0.0,0.0,0.0,0.0,0.0,0.0,0.0,0.0,0.0,0.0,0.0,0.0,0.0
0.0,0.0,0.0,0.0,0.0,0.0,0.0,0.0,0.0,0.0,0.0,0.0,0.0,0.0,0.0,0.0,0.0,0.0,0.0,0.0,0.0,0.0,0.0,0.0,0.0,0.0,0.0,0.0,0.0,0.0,0.0,0.0,0.0,0.0,0.0,0.0,0.0,0.0,0.0
0.0,0.0,0.0,0.0,0.0,0.0,0.0,0.0,0.0,0.0,0.0,0.0,0.0,0.0,0.0,0.0,0.0,0.0,0.0,0.0,0.0,0.0,0.0,0.0,0.0,0.0,0.0,0.0,0.0,0.0,0.0,0.0,0.0,0.0,0.0,0.0,0.0,0.0,0.0
0.0,0.0,0.0,0.0,0.0,0.0,0.0,0.0,0.0,0.0,0.0,0.0,0.0,0.0,0.0,0.0,0.0,0.0,0.0,0.0,0.0,0.0,0.0,0.0,0.0,0.0,0.0,0.0,0.0,0.0,0.0,0.0,0.0,0.0,0.0,0.0,0.0,0.0,0.0
0.0,0.0,0.0,0.0,0.0,0.0,0.0,0.0,0.0,0.0,0.0,0.0,0.0,0.0,0.0,0.0,0.0,0.0,0.0,0.0,0.0,0.0,0.0,0.0,0.0,0.0,0.0,0.0,0.0,0.0,0.0,0.0,0.0,0.0,0.0,0.0,0.0,0.0,0.0
0.0,0.0,0.0,0.0,0.0,0.0,0.0,0.0,0.0,0.0,0.0,0.0,0.0,0.0,0.0,0.0,0.0,0.0,0.0,0.0,0.0,0.0,0.0,0.0,0.0,0.0,0.0,0.0,0.0,0.0,0.0,0.0,0.0,0.0,0.0,0.0,0.0,0.0,0.0
0.0,0.0,0.0,0.0,0.0,0.0,0.0,0.0,0.0,0.0,0.0,0.0,0.0,0.0,0.0,0.0,0.0,0.0,0.0,0.0,0.0,0.0,0.0,0.0,0.0,0.0,0.0,0.0,0.0,0.0,0.0,0.0,0.0,0.0,0.0,0.0,0.0,0.0,0.0
0.0,0.0,0.0,0.0,0.0,0.0,0.0,0.0,0.0,0.0,0.0,0.0,0.0,0.0,0.0,0.0,0.0,0.0,0.0,0.0,0.0,0.0,0.0,0.0,0.0,0.0,0.0,0.0,0.0,0.0,0.0,0.0,0.0,0.0,0.0,0.0,0.0,0.0,0.0
0.0,0.0,0.0,0.0,0.0,0.0,0.0,0.0,0.0,0.0,0.0,0.0,0.0,0.0,0.0,0.0,0.0,0.0,0.0,0.0,0.0,0.0,0.0,0.0,0.0,0.0,0.0,0.0,0.0,0.0,0.0,0.0,0.0,0.0,0.0,0.0,0.0,0.0,0.0
0.0,0.0,0.0,0.0,0.0,0.0,0.0,0.0,0.0,0.0,0.0,0.0,0.0,0.0,0.0,0.0,0.0,0.0,0.0,0.0,0.0,0.0,0.0,0.0,0.0,0.0,0.0,0.0,0.0,0.0,0.0,0.0,0.0,0.0,0.0,0.0,0.0,0.0,0.0
0.0,0.0,0.0,0.0,0.0,0.0,0.0,0.0,0.0,0.0,0.0,0.0,0.0,0.0,0.0,0.0,0.0,0.0,0.0,0.0,0.0,0.0,0.0,0.0,0.0,0.0,0.0,0.0,0.0,0.0,0.0,0.0,0.0,0.0,0.0,0.0,0.0,0.0,0.0
0.0,0.0,0.0,0.0,0.0,0.0,0.0,0.0,0.0,0.0,0.0,0.0,0.0,0.0,0.0,0.0,0.0,0.0,0.0,0.0,0.0,0.0,0.0,0.0,0.0,0.0,0.0,0.0,0.0,0.0,0.0,0.0,0.0,0.0,0.0,0.0,0.0,0.0,0.0
0.0,0.0,0.0,0.0,0.0,0.0,0.0,0.0,0.0,0.0,0.0,0.0,0.0,0.0,0.0,0.0,0.0,0.0,0.0,0.0,0.0,0.0,0.0,0.0,0.0,0.0,0.0,0.0,0.0,0.0,0.0,0.0,0.0,0.0,0.0,0.0,0.0,0.0,0.0
0.0,0.0,0.0,0.0,0.0,0.0,0.0,0.0,0.0,0.0,0.0,0.0,0.0,0.0,0.0,0.0,0.0,0.0,0.0,0.0,0.0,0.0,0.0,0.0,0.0,0.0,0.0,0.0,0.0,0.0,0.0,0.0,0.0,0.0,0.0,0.0,0.0,0.0,0.0
0.0,0.0,0.0,0.0,0.0,0.0,0.0,0.0,0.0,0.0,0.0,0.0,0.0,0.0,0.0,0.0,0.0,0.0,0.0,0.0,0.0,0.0,0.0,0.0,0.0,0.0,0.0,0.0,0.0,0.0,0.0,0.0,0.0,0.0,0.0,0.0,0.0,0.0,0.0
0.0,0.0,0.0,0.0,0.0,0.0,0.0,0.0,0.0,0.0,0.0,0.0,0.0,0.0,0.0,0.0,0.0,0.0,0.0,0.0,0.0,0.0,0.0,0.0,0.0,0.0,0.0,0.0,0.0,0.0,0.0,0.0,0.0,0.0,0.0,0.0,0.0,0.0,0.0
0.0,0.0,0.0,0.0,0.0,0.0,0.0,0.0,0.0,0.0,0.0,0.0,0.0,0.0,0.0,0.0,0.0,0.0,0.0,0.0,0.0,0.0,0.0,0.0,0.0,0.0,0.0,0.0,0.0,0.0,0.0,0.0,0.0,0.0,0.0,0.0,0.0,0.0,0.0
0.0,0.0,0.0,0.0,0.0,0.0,0.0,0.0,0.0,0.0,0.0,0.0,0.0,0.0,0.0,0.0,0.0,0.0,0.0,0.0,0.0,0.0,0.0,0.0,0.0,0.0,0.0,0.0,0.0,0.0,0.0,0.0,0.0,0.0,0.0,0.0,0.0,0.0,0.0
0.0,0.0,0.0,0.0,0.0,0.0,0.0,0.0,0.0,0.0,0.0,0.0,0.0,0.0,0.0,0.0,0.0,0.0,0.0,0.0,0.0,0.0,0.0,0.0,0.0,0.0,0.0,0.0,0.0,0.0,0.0,0.0,0.0,0.0,0.0,0.0,0.0,0.0,0.0
0.0,0.0,0.0,0.0,0.0,0.0,0.0,0.0,0.0,0.0,0.0,0.0,0.0,0.0,0.0,0.0,0.0,0.0,0.0,0.0,0.0,0.0,0.0,0.0,0.0,0.0,0.0,0.0,0.0,0.0,0.0,0.0,0.0,0.0,0.0,0.0,0.0,0.0,0.0
0.0,0.0,0.0,0.0,0.0,0.0,0.0,0.0,0.0,0.0,0.0,0.0,0.0,0.0,0.0,0.0,0.0,0.0,0.0,0.0,0.0,0.0,0.0,0.0,0.0,0.0,0.0,0.0,0.0,0.0,0.0,0.0,0.0,0.0,0.0,0.0,0.0,0.0,0.0
0.0,0.0,0.0,0.0,0.0,0.0,0.0,0.0,0.0,0.0,0.0,0.0,0.0,0.0,0.0,0.0,0.0,0.0,0.0,0.0,0.0,0.0,0.0,0.0,0.0,0.0,0.0,0.0,0.0,0.0,0.0,0.0,0.0,0.0,0.0,0.0,0.0,0.0,0.0
0.0,0.0,0.0,0.0,0.0,0.0,0.0,0.0,0.0,0.0,0.0,0.0,0.0,0.0,0.0,0.0,0.0,0.0,0.0,0.0,0.0,0.0,0.0,0.0,0.0,0.0,0.0,0.0,0.0,0.0,0.0,0.0,0.0,0.0,0.0,0.0,0.0,0.0,0.0
0.0,0.0,0.0,0.0,0.0,0.0,0.0,0.0,0.0,0.0,0.0,0.0,0.0,0.0,0.0,0.0,0.0,0.0,0.0,0.0,0.0,0.0,0.0,0.0,0.0,0.0,0.0,0.0,0.0,0.0,0.0,0.0,0.0,0.0,0.0,0.0,0.0,0.0,0.0
-0.001,-0.009,-0.066,-0.095,-0.072,-0.033,-0.031,-0.002,-0.011,-0.026,-0.022,-0.015,-0.013,-0.014,0.0,-0.004,0.0,-0.007,-0.012,0.0,-0.014,0.0,0.0,-0.002,-0.02,-0.017,-0.017,-0.05,-0.041,0.0,-0.006,-0.008,-0.012,-0.042,-0.029,0.0,0.0,0.0,0.0
-0.386,-0.037,-0.581,-0.56,-0.678,-0.154,-0.087,-0.165,-0.069,-0.099,-0.091,-0.073,-0.057,-0.056,-0.006,-0.102,-0.018,-0.111,-0.072,-0.026,-0.094,0.0,-0.047,-0.051,-0.091,-0.085,-0.083,-0.304,-0.133,-0.042,-0.013,-0.045,-0.088,-0.123,-0.123,-0.017,-0.046,-0.027,0.0
-0.919,-0.098,-0.857,-0.76,-1.127,-0.217,-0.256,-0.297,-0.122,-0.157,-0.15,-0.119,-0.16,-0.105,-0.078,-0.403,-0.085,-0.564,-0.167,-0.083,-1.016,0.0,-0.135,-0.122,-0.197,-0.159,-0.161,-1.033,-0.295,-0.057,-0.021,-0.097,-0.127,-0.163,-0.685,-0.074,-0.139,-0.093,-0.022
-1.074,-0.205,-1.529,-1.692,-1.923,-0.386,-0.588,-0.997,-0.304,-0.312,-0.301,-0.219,-0.327,-0.191,-0.175,-0.872,-0.195,-0.76,-0.346,-0.184,-2.141,-0.001,-0.24,-0.252,-0.243,-0.248,-0.249,-1.365,-0.365,-0.073,-0.059,-0.171,-0.202,-0.238,-1.618,-0.123,-0.26,-0.199,-0.041
-1.345,-0.262,-2.294,-2.764,-2.443,-0.607,-1.535,-3.009,-0.729,-0.542,-0.513,-0.592,-0.456,-0.357,-0.292,-1.185,-0.352,-1.358,-0.625,-0.343,-2.846,-0.054,-0.404,-0.439,-0.602,-0.462,-0.467,-0.476,-0.295,-0.214,-0.134,-0.314,-0.207,-0.244,-0.896,-0.205,-0.431,-0.378,-0.056
-2.441,-0.33,-2.349,-2.896,-2.472,-0.733,-2.394,-3.217,-0.931,-0.728,-0.693,-0.789,-0.599,-0.62,-0.447,-1.842,-0.561,-2.773,-0.944,-0.581,-3.161,-0.127,-0.644,-0.67,-0.944,-0.773,-0.778,-0.318,-0.41,-0.58,-0.879,-0.535,-0.204,-0.239,-0.601,-0.344,-0.671,-0.631,-0.067
-2.862,-0.45,-3.369,-3.444,-3.497,-0.357,-2.934,-3.191,-1.188,-1.012,-0.977,-1.057,-0.964,-0.822,-0.639,-2.446,-0.81,-3.31,-1.281,-0.864,-3.38,-0.233,-0.784,-0.929,-1.15,-0.998,-1.0,-0.681,-1.758,-1.076,-0.98,-0.737,-0.529,-0.563,-3.009,-0.508,-0.977,-0.915,-0.154
-3.415,-0.608,-3.559,-3.773,-3.725,-0.239,-3.422,-3.233,-1.549,-1.551,-1.499,-1.45,-1.447,-0.874,-0.924,-2.762,-1.051,-3.596,-1.601,-1.135,-3.578,-0.355,-1.152,-1.189,-1.24,-1.246,-1.271,-1.688,-2.978,-1.425,-0.399,-0.978,-0.515,-0.544,-3.66,-0.688,-1.308,-1.175,-2.169
-3.15,-0.421,-3.396,-4.096,-3.827,-0.653,-3.743,-2.982,-2.24,-0.799,-0.787,-1.45,-1.452,-1.082,-1.214,-3.069,-1.316,-3.787,-1.902,-1.409,-3.733,-0.543,-1.422,-1.423,-1.202,-1.74,-1.734,-3.252,-3.189,-1.07,-0.414,-1.424,-0.438,-0.462,-3.974,-0.931,-1.617,-1.476,-2.395
-3.559,-0.421,-1.744,-3.568,-1.666,-0.842,-2.832,-2.957,-1.984,-1.487,-1.468,-0.783,-1.531,-1.482,-1.453,-3.324,-1.591,-3.886,-2.178,-1.703,-3.876,-0.769,-1.698,-1.691,-1.747,-1.913,-1.911,-2.812,-3.021,-1.107,-0.391,-1.012,-0.667,-0.693,-3.203,-1.2,-1.801,-1.776,-2.431
-2.066,-0.507,-2.668,-4.162,-2.879,-1.999,-2.392,-1.19,-0.848,-2.335,-2.285,-0.644,-1.784,-1.792,-1.513,-3.239,-1.894,-4.086,-2.494,-1.994,-3.975,-0.977,-1.975,-1.956,-2.303,-2.107,-2.1,-1.688,-1.725,-0.87,-0.565,-0.965,-1.736,-1.757,-0.514,-1.544,-1.99,-2.045,-2.491
-3.306,-1.71,-4.456,-4.761,-4.642,-2.543,-4.473,-1.011,-0.784,-2.362,-2.309,-0.745,-1.896,-2.322,-1.431,-3.836,-1.563,-4.2,-2.792,-2.263,-4.027,-1.158,-2.245,-2.221,-2.517,-2.423,-2.422,-2.529,-3.605,-0.727,-0.629,-1.274,-2.473,-2.471,-1.729,-1.806,-2.249,-2.305,-2.527
-4.23,-2.398,-4.496,-4.721,-4.642,-2.837,-4.025,-2.424,-1.713,-2.317,-2.267,-1.501,-2.066,-2.439,-1.655,-2.696,-2.042,-4.265,-3.044,-2.516,-4.116,-1.335,-2.508,-2.473,-2.388,-2.753,-2.747,-2.065,-2.656,-0.821,-0.718,-0.692,-3.022,-2.995,-1.48,-1.94,-2.481,-2.556,-2.578
-4.439,-2.587,-4.624,-4.767,-4.711,-3.015,-3.759,-3.969,-2.784,-3.112,-3.051,-2.772,-2.184,-2.786,-1.654,-3.801,-1.224,-4.333,-3.314,-2.761,-4.149,-1.499,-2.741,-2.705,-3.058,-2.944,-2.94,-3.349,-4.244,-0.893,-0.64,-0.809,-1.155,-1.126,-4.416,-2.208,-2.69,-2.779,-2.645
-4.34,-2.898,-4.706,-4.848,-4.8,-3.05,-3.112,-4.407,-3.04,-3.029,-2.976,-3.239,-2.702,-3.012,-2.579,-3.075,-2.538,-4.391,-3.547,-2.984,-4.143,-1.648,-2.954,-2.916,-2.764,-3.327,-3.336,-3.719,-4.391,-3.695,-1.553,-1.032,-2.75,-2.816,-4.353,-2.572,-2.895,-2.98,-2.697
-4.381,-3.153,-0.785,-4.891,-4.814,-3.094,-4.346,-3.317,-2.454,-2.752,-2.693,-2.634,-2.882,-2.963,-2.03,-4.207,-2.363,-4.366,-3.795,-3.21,-4.35,-1.774,-3.138,-3.114,-3.478,-3.476,-3.477,-3.92,-4.6,-3.385,-2.305,-3.474,-1.381,-1.384,-4.517,-2.782,-3.243,-3.162,-2.726
-4.393,-3.488,0.0,-4.833,-4.768,-3.518,-2.239,-3.287,-2.402,-3.102,-3.052,-2.174,-3.066,-2.038,-2.811,-4.065,-2.85,-4.39,-3.984,-3.391,-4.43,-1.888,-3.32,-3.277,-3.002,-3.754,-3.754,-3.821,-4.703,-4.502,-2.622,-3.92,-3.739,-3.684,-4.522,-2.981,-3.531,-3.335,-2.742
-4.424,-3.593,0.0,-4.845,-4.795,-3.831,-4.366,-3.758,-3.313,-1.022,-0.997,-3.076,-3.272,-3.507,-3.154,-2.714,-3.212,-4.463,-4.129,-3.556,-4.485,-2.018,-3.475,-2.87,-1.339,-2.507,-2.461,-4.058,-4.686,-4.12,-2.96,-4.13,-4.414,-4.604,-4.126,-3.174,-3.747,-3.508,-2.74
-4.441,-3.76,0.0,-4.863,-4.815,-3.873,-3.814,-1.642,-1.619,-1.871,-1.862,-1.975,-3.482,-3.846,-3.256,-3.462,-3.481,-4.465,-4.205,-3.695,-4.511,-2.129,-3.599,-3.399,-2.977,-2.014,-2.015,-3.966,-4.594,-4.221,-3.79,-4.157,-2.694,-2.518,-2.338,-3.346,-3.903,-3.497,-2.751
-4.269,-3.944,0.0,-4.884,-4.847,-4.107,-4.429,-4.382,-3.892,-4.236,-4.2,-3.832,-3.567,-3.822,-3.309,-4.257,-3.554,-4.519,-3.738,-3.834,-4.537,-2.213,-3.729,-3.734,-1.944,-3.45,-3.46,-3.84,-4.566,-3.475,-4.566,-3.193,-2.237,-2.286,-1.201,-3.508,-4.111,-3.022,-2.791
-4.175,-4.157,-1.153,-4.895,-4.846,-4.057,-4.578,-3.989,-3.894,-4.823,-4.769,-4.377,-3.694,-3.801,-3.422,-4.188,-3.641,-4.965,-4.315,-3.961,-4.573,-2.297,-3.842,-3.866,-4.128,-3.692,-3.675,-3.803,-4.64,-3.155,-3.8,-2.58,-0.858,-0.884,-1.345,-3.638,-4.238,-3.824,-2.069
-4.397,-2.924,-4.483,-4.883,-4.892,-3.399,-4.275,-4.338,-4.059,-4.488,-4.465,-4.47,-3.958,-4.24,-3.548,-4.171,-3.759,-4.712,-3.755,-4.046,-4.553,-2.383,-3.991,-3.991,-3.712,-2.852,-2.854,-4.153,-4.812,-4.591,-4.033,-3.521,-1.232,-1.233,-3.708,-3.749,-4.316,-4.123,-2.48
-4.223,-3.363,-3.424,-3.864,-4.013,-3.369,-4.749,-4.331,-4.34,-4.431,-4.385,-4.489,-2.429,-4.436,-3.627,-3.482,-3.822,-4.461,-4.443,-4.138,-4.57,-2.443,-3.775,-4.113,-3.319,-3.035,-3.074,-4.261,-4.805,-4.743,-4.12,-4.551,-1.326,-1.382,-4.012,-3.852,-4.419,-3.674,-2.83
-4.562,-4.524,-4.238,-4.934,-4.877,-4.204,-4.745,-4.696,-4.767,-4.898,-4.874,-4.557,-2.62,-3.644,-3.64,-4.089,-3.832,-4.518,-4.44,-4.176,-4.581,-2.477,-4.367,-4.326,-3.347,-3.179,-3.194,-3.785,-4.341,-4.699,-4.257,-4.38,-1.328,-1.28,-4.985,-3.944,-4.641,-3.753,-2.392
-4.47,-4.428,-4.093,-4.89,-4.844,-4.138,-4.742,-4.711,-4.769,-4.966,-4.934,-4.598,-2.683,-2.419,-3.689,-4.058,-3.898,-4.348,-4.786,-4.221,-4.565,-2.514,-2.747,-2.331,-2.43,-3.393,-3.33,-4.156,-4.721,-4.726,-4.593,-4.671,-2.758,-2.703,-3.213,-4.009,-4.951,-3.779,-2.481
-3.928,-4.578,-3.646,-4.88,-4.847,-3.946,-4.668,-4.711,-4.765,-5.045,-5.009,-4.618,-4.009,-3.324,-3.729,-4.058,-3.949,-2.936,-3.758,-4.257,-4.498,-2.538,-1.097,-2.793,-1.839,-1.868,-1.856,-4.148,-4.75,-4.686,-4.429,-4.769,-2.989,-2.745,-3.676,-4.068,-3.838,-4.289,-2.883
-3.876,-4.693,-4.677,-4.83,-4.8,-3.735,-4.747,-4.599,-4.724,-4.973,-4.929,-4.631,-3.987,-2.193,-3.799,-4.09,-3.977,-1.988,-3.923,-4.251,-4.454,-2.545,-2.084,-3.218,-2.973,-4.315,-4.306,-4.078,-4.687,-4.734,-3.848,-4.682,-1.986,-1.918,-4.632,-4.127,-1.854,-3.266,-2.829
-4.451,-4.653,-4.682,-4.831,-4.796,-4.018,-3.651,-4.778,-4.842,-4.463,-4.441,-4.677,-3.993,-3.09,-3.808,-4.08,-3.943,-3.615,-4.678,-4.245,-4.415,-2.538,-2.772,-2.688,-2.893,-3.627,-3.647,-4.069,-4.641,-4.743,-4.28,-4.678,-3.95,-4.194,-4.326,-4.189,-2.416,-3.522,-2.832
-4.42,-4.642,-4.651,-4.801,-4.774,-4.23,-4.744,-4.667,-4.728,-4.708,-4.712,-4.576,-3.998,-4.49,-3.784,-4.113,-3.938,-2.091,-4.375,-4.178,-4.398,-2.537,-2.232,-3.58,-4.1,-4.348,-4.337,-3.942,-4.65,-4.774,-4.524,-4.655,-1.666,-1.803,-3.566,-3.907,-1.9,-3.745,-2.843
-4.389,-4.705,-4.644,-4.783,-4.727,-4.588,-4.74,-4.544,-4.437,-4.407,-4.374,-4.299,-3.838,-4.41,-3.75,-4.152,-3.932,-2.193,-4.694,-4.196,-4.399,-2.521,-4.605,-4.365,-2.504,-3.03,-3.069,-3.872,-4.68,-4.754,-4.546,-4.642,-3.059,-2.895,-4.55,-4.248,-3.691,-1.862,-2.855
-4.392,-4.618,-4.636,-4.778,-4.736,-2.722,-4.716,-4.614,-4.738,-4.856,-4.808,-4.505,-3.951,-4.484,-3.713,-4.205,-3.895,-1.335,-4.665,-4.103,-4.47,-2.48,-2.546,-3.747,-2.103,-1.915,-1.908,-3.852,-4.736,-4.699,-4.232,-4.566,-3.535,-3.781,-4.154,-3.87,-1.881,-2.794,-2.934
-4.351,-4.635,-4.633,-4.802,-4.746,-3.171,-4.702,-4.057,-4.239,-4.835,-4.78,-4.416,-3.889,-4.18,-3.614,-4.23,-3.82,-1.115,-2.897,-4.043,-4.247,-2.426,-3.586,-3.916,-2.37,-1.692,-1.677,-3.586,-4.711,-4.689,-4.502,-4.486,-4.204,-4.316,-4.346,-3.927,-1.666,-1.913,-2.595
-4.375,-4.428,-4.645,-4.812,-4.745,-2.753,-4.724,-4.487,-4.554,-4.656,-4.611,-4.286,-3.789,-4.204,-3.467,-4.238,-3.735,-1.453,-2.926,-3.961,-2.771,-2.369,-3.29,-3.018,-1.358,-1.21,-1.203,-3.434,-4.663,-4.445,-4.459,-4.334,-2.748,-2.802,-1.484,-3.414,-0.973,-1.381,-2.516
-4.381,-4.646,-4.641,-4.807,-4.759,-3.297,-4.688,-4.204,-4.333,-4.516,-4.474,-4.159,-3.715,-4.207,-3.35,-4.268,-3.639,-1.625,-3.906,-3.9,-4.284,-2.295,-3.287,-3.138,-0.937,-0.879,-0.87,-3.495,-4.673,-4.499,-4.44,-4.188,-2.52,-2.49,-1.165,-4.219,-0.982,-1.95,-2.555
-4.331,-3.669,-4.548,-4.786,-4.709,-3.644,-4.665,-4.272,-4.404,-4.356,-4.309,-4.019,-3.606,-3.961,-3.249,-4.266,-3.541,-1.325,-3.535,-3.798,-4.408,-2.226,-4.015,-1.752,-2.38,-1.928,-1.92,-3.61,-4.642,-4.502,-4.392,-4.112,-2.59,-2.58,-1.199,-1.702,-0.852,-1.558,-1.173
-4.288,-4.272,-4.592,-4.785,-4.75,-4.6,-4.633,-4.423,-4.503,-4.217,-4.174,-3.864,-3.494,-3.81,-3.09,-4.237,-3.437,-1.384,-3.039,-3.643,-4.36,-2.143,-3.691,-2.489,-3.72,-3.037,-3.007,-3.586,-4.616,-4.455,-4.383,-3.919,-4.001,-4.109,-2.517,-1.207,-1.154,-2.916,-2.866
-4.238,-3.335,-4.625,-4.831,-4.768,-4.645,-4.61,-4.396,-4.071,-4.046,-4.007,-3.705,-3.361,-3.764,-2.941,-4.209,-3.289,-1.995,-2.68,-3.49,-4.199,-2.087,-2.213,-2.94,-3.8,-3.734,-3.691,-3.373,-4.592,-4.374,-4.341,-3.744,-1.628,-1.603,-2.747,-1.622,-2.38,-2.0,-1.941
-4.182,-3.924,-4.544,-4.25,-4.669,-4.555,-4.532,-4.263,-3.347,-3.858,-3.82,-3.528,-3.263,-3.244,-2.77,-4.159,-3.129,-3.147,-3.318,-3.306,-4.147,-1.928,-3.466,-2.37,-2.331,-1.604,-1.61,-3.277,-4.525,-4.362,-4.335,-3.578,-2.222,-2.154,-2.354,-1.767,-1.026,-2.148,-2.617
-2.897,-3.703,-4.423,-4.295,-4.568,-4.554,-4.487,-4.261,-3.178,-3.62,-3.589,-3.328,-3.111,-1.518,-2.546,-4.103,-2.949,-2.564,-3.427,-3.103,-4.088,-1.808,-3.188,-1.754,-2.44,-1.506,-1.476,-3.237,-4.432,-4.296,-4.331,-3.386,-3.409,-3.462,-2.033,-2.44,-1.026,-1.495,-2.501
-4.193,-3.5,-4.276,-1.545,-3.957,-4.497,-4.389,-3.845,-2.999,-3.387,-3.361,-3.115,-2.933,-3.059,-2.307,-4.012,-2.748,-1.673,-2.329,-2.911,-4.005,-1.675,-3.134,-1.674,-2.935,-2.675,-2.623,-3.148,-4.331,-4.179,-4.292,-3.175,-3.721,-3.719,-1.454,-3.427,-2.049,-1.617,-2.682
-3.956,-3.294,-3.306,-1.357,-3.398,-4.506,-4.336,-3.623,-2.828,-3.13,-3.109,-2.881,-2.727,-2.789,-2.107,-3.873,-2.552,-1.61,-2.425,-2.683,-3.95,-1.513,-2.943,-2.376,-2.548,-2.881,-2.858,-2.746,-4.255,-4.018,-4.298,-2.947,-3.106,-3.088,-1.981,-1.584,-2.827,-3.04,-2.516
-4.064,-2.879,-4.071,-3.107,-4.442,-4.384,-4.229,-3.832,-2.617,-2.852,-2.834,-2.609,-2.466,-2.533,-1.86,-3.675,-2.309,-3.348,-2.213,-2.465,-3.902,-1.384,-2.519,-2.441,-2.272,-2.601,-2.579,-2.506,-4.179,-3.807,-4.271,-2.676,-2.633,-2.628,-2.486,-0.873,-1.243,-2.34,-2.632
-3.926,-2.815,-4.047,-4.3,-4.157,-4.268,-4.104,-3.636,-2.387,-2.562,-2.543,-2.342,-2.265,-2.252,-1.626,-3.443,-2.062,-3.705,-2.201,-2.235,-3.816,-1.282,-2.224,-1.772,-1.981,-2.307,-2.283,-2.339,-4.039,-3.675,-4.157,-2.388,-1.811,-1.862,-3.337,-1.957,-0.994,-1.492,-2.576
-3.898,-2.567,-3.582,-4.083,-4.043,-4.167,-3.956,-3.529,-2.11,-2.253,-2.236,-2.055,-2.042,-1.946,-1.399,-3.21,-1.827,-3.362,-1.287,-1.914,-3.598,-0.813,-1.932,-1.794,-1.693,-2.019,-1.997,-2.052,-3.79,-3.454,-4.053,-2.11,-1.451,-1.46,-3.247,-0.671,-1.46,-1.026,-2.507
-3.703,-2.296,-2.674,-2.258,-3.137,-4.04,-3.784,-3.638,-2.495,-1.937,-1.92,-1.746,-1.801,-1.658,-1.153,-2.97,-1.584,-2.057,-0.838,-1.477,-3.508,-0.981,-1.643,-1.623,-1.402,-1.694,-1.673,-1.765,-3.361,-3.135,-3.966,-1.816,-1.55,-1.54,-2.849,-0.702,-1.338,-1.006,-2.425
-3.509,-1.98,-2.09,-0.777,-2.588,-3.889,-3.576,-3.447,-1.666,-1.594,-1.582,-1.447,-1.486,-1.369,-0.912,-2.684,-1.323,-0.698,-0.938,-1.355,-0.93,-0.802,-1.33,-1.398,-1.113,-1.406,-1.386,-1.489,-2.869,-2.798,-3.809,-1.511,-1.232,-1.244,-2.287,-1.483,-0.884,-0.891,-2.322
-3.27,-1.64,-0.529,-0.434,-0.554,-3.638,-3.33,-3.222,-1.887,-1.258,-1.251,-1.122,-1.141,-1.069,-0.714,-2.399,-1.058,-0.634,-0.622,-1.05,-0.805,-0.66,-1.025,-1.013,-0.826,-1.115,-1.095,-1.212,-2.324,-2.192,-3.617,-1.212,-0.899,-0.918,-2.378,-1.003,-0.627,-0.91,-2.207
-3.064,-1.315,-1.066,-1.552,-1.149,-2.062,-2.849,-3.099,-2.967,-0.935,-0.93,-0.826,-0.783,-0.787,-0.523,-2.073,-0.681,-2.476,-0.56,-0.6,-0.884,-0.489,-0.746,-0.795,-0.61,-0.864,-0.845,-0.93,-1.761,-1.046,-3.409,-0.912,-0.609,-0.626,-1.221,-0.901,-0.456,-0.513,-2.078
-1.97,-0.994,-0.442,-1.642,-0.465,-1.831,-2.232,-3.176,-3.105,-0.649,-0.647,-0.555,-0.513,-0.524,-0.368,-1.598,-0.418,-1.911,-0.427,-0.381,-0.432,-0.191,-0.51,-0.526,-0.343,-0.496,-0.483,-0.662,-1.192,-0.362,-3.063,-0.625,-0.34,-0.36,-1.354,-0.963,-0.322,-0.812,-1.912
-1.506,-0.457,-1.635,-0.72,-1.505,-1.361,-1.639,-2.477,-2.411,-0.39,-0.398,-0.333,-0.36,-0.316,-0.239,-0.144,-0.286,-1.571,-0.248,-0.23,-0.211,-0.04,-0.316,-0.348,-0.211,-0.279,-0.27,-0.43,-0.683,-0.367,-2.534,-0.396,-0.197,-0.223,-1.338,-0.68,-0.213,-0.559,-1.628
-1.184,-0.147,-0.942,-1.261,-1.236,-0.968,-1.063,-2.057,-1.924,-0.227,-0.224,-0.201,-0.238,-0.17,-0.153,-0.113,-0.175,-0.786,-0.203,-0.134,-0.165,-0.021,-0.179,-0.199,-0.135,-0.19,-0.185,-0.245,-0.22,-0.392,-2.08,-0.223,-0.077,-0.112,-0.74,-0.351,-0.18,-0.313,-0.937
-0.914,-0.078,-0.781,-0.547,-0.859,-0.254,-0.535,-1.314,-1.242,-0.113,-0.108,-0.105,-0.136,-0.09,-0.091,-0.075,-0.091,-0.391,-0.102,-0.082,-0.088,-0.006,-0.1,-0.099,-0.086,-0.098,-0.094,-0.117,-0.116,-0.205,-1.438,-0.117,-0.034,-0.069,-0.286,-0.179,-0.133,-0.148,-0.536
-0.41,-0.034,-0.148,-0.245,-0.213,-0.12,-0.123,-0.126,-0.082,-0.047,-0.04,-0.048,-0.057,-0.039,-0.041,-0.032,-0.034,-0.08,-0.047,-0.035,-0.052,-0.001,-0.044,-0.043,-0.036,-0.035,-0.034,-0.024,-0.06,-0.036,-0.048,-0.048,-0.003,-0.028,-0.07,-0.076,-0.075,-0.088,-0.086
-0.007,-0.001,0.0,-0.001,0.0,-0.023,-0.009,-0.023,-0.006,-0.004,-0.003,-0.004,-0.009,-0.001,0.0,-0.002,-0.002,-0.005,-0.001,-0.002,-0.012,0.0,-0.006,-0.007,0.0,-0.001,-0.002,0.0,-0.023,-0.006,-0.002,-0.005,0.0,0.0,-0.008,-0.008,-0.01,-0.028,-0.025
0.0,0.0,0.0,0.0,0.0,0.0,0.0,0.0,0.0,0.0,0.0,0.0,0.0,0.0,0.0,0.0,0.0,0.0,0.0,0.0,0.0,0.0,0.0,0.0,0.0,0.0,0.0,0.0,-0.003,0.0,0.0,0.0,0.0,0.0,0.0,0.0,0.0,-0.001,0.0
0.0,0.0,0.0,0.0,0.0,0.0,0.0,0.0,0.0,0.0,0.0,0.0,0.0,0.0,0.0,0.0,0.0,0.0,0.0,0.0,0.0,0.0,0.0,0.0,0.0,0.0,0.0,0.0,0.0,0.0,0.0,0.0,0.0,0.0,0.0,0.0,0.0,0.0,0.0
0.0,0.0,0.0,0.0,0.0,0.0,0.0,0.0,0.0,0.0,0.0,0.0,0.0,0.0,0.0,0.0,0.0,0.0,0.0,0.0,0.0,0.0,0.0,0.0,0.0,0.0,0.0,0.0,0.0,0.0,0.0,0.0,0.0,0.0,0.0,0.0,0.0,0.0,0.0
0.0,0.0,0.0,0.0,0.0,0.0,0.0,0.0,0.0,0.0,0.0,0.0,0.0,0.0,0.0,0.0,0.0,0.0,0.0,0.0,0.0,0.0,0.0,0.0,0.0,0.0,0.0,0.0,0.0,0.0,0.0,0.0,0.0,0.0,0.0,0.0,0.0,0.0,0.0
0.0,0.0,0.0,0.0,0.0,0.0,0.0,0.0,0.0,0.0,0.0,0.0,0.0,0.0,0.0,0.0,0.0,0.0,0.0,0.0,0.0,0.0,0.0,0.0,0.0,0.0,0.0,0.0,0.0,0.0,0.0,0.0,0.0,0.0,0.0,0.0,0.0,0.0,0.0
0.0,0.0,0.0,0.0,0.0,0.0,0.0,0.0,0.0,0.0,0.0,0.0,0.0,0.0,0.0,0.0,0.0,0.0,0.0,0.0,0.0,0.0,0.0,0.0,0.0,0.0,0.0,0.0,0.0,0.0,0.0,0.0,0.0,0.0,0.0,0.0,0.0,0.0,0.0
0.0,0.0,0.0,0.0,0.0,0.0,0.0,0.0,0.0,0.0,0.0,0.0,0.0,0.0,0.0,0.0,0.0,0.0,0.0,0.0,0.0,0.0,0.0,0.0,0.0,0.0,0.0,0.0,0.0,0.0,0.0,0.0,0.0,0.0,0.0,0.0,0.0,0.0,0.0
0.0,0.0,0.0,0.0,0.0,0.0,0.0,0.0,0.0,0.0,0.0,0.0,0.0,0.0,0.0,0.0,0.0,0.0,0.0,0.0,0.0,0.0,0.0,0.0,0.0,0.0,0.0,0.0,0.0,0.0,0.0,0.0,0.0,0.0,0.0,-0.001,0.0,0.0,0.0
0.0,0.0,0.0,0.0,0.0,0.0,0.0,0.0,0.0,0.0,0.0,0.0,0.0,0.0,0.0,0.0,0.0,0.0,0.0,0.0,0.0,0.0,0.0,0.0,0.0,0.0,0.0,0.0,0.0,0.0,0.0,0.0,0.0,0.0,0.0,0.0,0.0,0.0,0.0
0.0,0.0,0.0,0.0,0.0,0.0,0.0,0.0,0.0,0.0,0.0,0.0,0.0,0.0,0.0,0.0,0.0,0.0,0.0,0.0,0.0,0.0,0.0,0.0,0.0,0.0,0.0,0.0,0.0,0.0,0.0,0.0,0.0,0.0,0.0,0.0,0.0,0.0,0.0
0.0,0.0,0.0,0.0,0.0,0.0,0.0,0.0,0.0,0.0,0.0,0.0,0.0,0.0,0.0,0.0,0.0,0.0,0.0,0.0,0.0,0.0,0.0,0.0,0.0,0.0,0.0,0.0,0.0,0.0,0.0,0.0,0.0,0.0,0.0,0.0,0.0,0.0,0.0
0.0,0.0,0.0,0.0,0.0,0.0,0.0,0.0,0.0,0.0,0.0,0.0,0.0,0.0,0.0,0.0,0.0,0.0,0.0,0.0,0.0,0.0,0.0,0.0,0.0,0.0,0.0,0.0,0.0,0.0,0.0,0.0,0.0,0.0,0.0,0.0,0.0,0.0,0.0
0.0,0.0,0.0,0.0,0.0,0.0,0.0,0.0,0.0,0.0,0.0,0.0,0.0,0.0,0.0,0.0,0.0,0.0,0.0,0.0,0.0,0.0,0.0,0.0,0.0,0.0,0.0,0.0,0.0,0.0,0.0,0.0,0.0,0.0,0.0,0.0,0.0,0.0,0.0
0.0,0.0,0.0,0.0,0.0,0.0,0.0,0.0,0.0,0.0,0.0,0.0,0.0,0.0,0.0,0.0,0.0,0.0,0.0,0.0,0.0,0.0,0.0,0.0,0.0,0.0,0.0,0.0,0.0,0.0,0.0,0.0,0.0,0.0,0.0,0.0,0.0,0.0,0.0
0.0,0.0,0.0,0.0,0.0,0.0,0.0,0.0,0.0,0.0,0.0,0.0,0.0,0.0,0.0,0.0,0.0,0.0,0.0,0.0,0.0,0.0,0.0,0.0,0.0,0.0,0.0,0.0,0.0,0.0,0.0,0.0,0.0,0.0,0.0,0.0,0.0,0.0,0.0
0.0,0.0,0.0,0.0,0.0,0.0,0.0,0.0,0.0,0.0,0.0,0.0,0.0,0.0,0.0,0.0,0.0,0.0,0.0,0.0,0.0,0.0,0.0,0.0,0.0,0.0,0.0,0.0,0.0,0.0,0.0,0.0,0.0,0.0,0.0,0.0,0.0,0.0,0.0
0.0,0.0,0.0,0.0,0.0,0.0,0.0,0.0,0.0,0.0,0.0,0.0,0.0,0.0,0.0,0.0,0.0,0.0,0.0,0.0,0.0,0.0,0.0,0.0,0.0,0.0,0.0,0.0,0.0,0.0,0.0,0.0,0.0,0.0,0.0,0.0,0.0,0.0,0.0
0.0,0.0,0.0,0.0,0.0,0.0,0.0,0.0,0.0,0.0,0.0,0.0,0.0,0.0,0.0,0.0,0.0,0.0,0.0,0.0,0.0,0.0,0.0,0.0,0.0,0.0,0.0,0.0,0.0,0.0,0.0,0.0,0.0,0.0,0.0,0.0,0.0,0.0,0.0
0.0,0.0,0.0,0.0,0.0,0.0,0.0,0.0,0.0,0.0,0.0,0.0,0.0,0.0,0.0,0.0,0.0,0.0,0.0,0.0,0.0,0.0,0.0,0.0,0.0,0.0,0.0,0.0,0.0,0.0,0.0,0.0,0.0,0.0,0.0,0.0,0.0,0.0,0.0
0.0,0.0,0.0,0.0,0.0,0.0,0.0,0.0,0.0,0.0,0.0,0.0,0.0,0.0,0.0,0.0,0.0,0.0,0.0,0.0,0.0,0.0,0.0,0.0,0.0,0.0,0.0,0.0,0.0,0.0,0.0,0.0,0.0,0.0,0.0,0.0,0.0,0.0,0.0
0.0,0.0,0.0,0.0,0.0,0.0,0.0,0.0,0.0,0.0,0.0,0.0,0.0,0.0,0.0,0.0,0.0,0.0,0.0,0.0,0.0,0.0,0.0,0.0,0.0,0.0,0.0,0.0,0.0,0.0,0.0,0.0,0.0,0.0,0.0,0.0,0.0,0.0,0.0
0.0,0.0,0.0,0.0,0.0,0.0,0.0,0.0,0.0,0.0,0.0,0.0,0.0,0.0,0.0,0.0,0.0,0.0,0.0,0.0,0.0,0.0,0.0,0.0,0.0,0.0,0.0,0.0,0.0,0.0,0.0,0.0,0.0,0.0,0.0,0.0,0.0,0.0,0.0
0.0,0.0,0.0,0.0,0.0,0.0,0.0,0.0,0.0,0.0,0.0,0.0,0.0,0.0,0.0,0.0,0.0,0.0,0.0,0.0,0.0,0.0,0.0,0.0,0.0,0.0,0.0,0.0,0.0,0.0,0.0,0.0,0.0,0.0,0.0,0.0,0.0,0.0,0.0
0.0,0.0,0.0,0.0,0.0,0.0,0.0,0.0,0.0,0.0,0.0,0.0,0.0,0.0,0.0,0.0,0.0,0.0,0.0,0.0,0.0,0.0,0.0,0.0,0.0,0.0,0.0,0.0,0.0,0.0,0.0,0.0,0.0,0.0,0.0,0.0,0.0,0.0,0.0
0.0,0.0,0.0,0.0,0.0,0.0,0.0,0.0,0.0,0.0,0.0,0.0,0.0,0.0,0.0,0.0,0.0,0.0,0.0,0.0,0.0,0.0,0.0,0.0,0.0,0.0,0.0,0.0,0.0,0.0,0.0,0.0,0.0,0.0,0.0,0.0,0.0,0.0,0.0
0.0,0.0,0.0,0.0,0.0,0.0,0.0,0.0,0.0,0.0,0.0,0.0,0.0,0.0,0.0,0.0,0.0,0.0,0.0,0.0,0.0,0.0,0.0,0.0,0.0,0.0,0.0,0.0,0.0,0.0,0.0,0.0,0.0,0.0,0.0,0.0,0.0,0.0,0.0
0.0,0.0,0.0,0.0,0.0,0.0,0.0,0.0,0.0,0.0,0.0,0.0,0.0,0.0,0.0,0.0,0.0,0.0,0.0,0.0,0.0,0.0,0.0,0.0,0.0,0.0,0.0,0.0,0.0,0.0,0.0,0.0,0.0,0.0,0.0,0.0,0.0,0.0,0.0
0.0,0.0,0.0,0.0,0.0,0.0,0.0,0.0,0.0,0.0,0.0,0.0,0.0,0.0,0.0,0.0,0.0,0.0,0.0,0.0,0.0,0.0,0.0,0.0,0.0,0.0,0.0,0.0,0.0,0.0,0.0,0.0,0.0,0.0,0.0,0.0,0.0,0.0,0.0
0.0,0.0,0.0,0.0,0.0,0.0,0.0,0.0,0.0,0.0,0.0,0.0,0.0,0.0,0.0,0.0,0.0,0.0,0.0,0.0,0.0,0.0,0.0,0.0,0.0,0.0,0.0,0.0,0.0,0.0,0.0,0.0,0.0,0.0,0.0,0.0,0.0,0.0,0.0
0.0,0.0,0.0,0.0,0.0,0.0,0.0,0.0,0.0,0.0,0.0,0.0,0.0,0.0,0.0,0.0,0.0,0.0,0.0,0.0,0.0,0.0,0.0,0.0,0.0,0.0,0.0,0.0,0.0,0.0,0.0,0.0,0.0,0.0,0.0,0.0,0.0,0.0,0.0
0.0,0.0,0.0,0.0,0.0,0.0,0.0,0.0,0.0,0.0,0.0,0.0,0.0,0.0,0.0,0.0,0.0,0.0,0.0,0.0,0.0,0.0,0.0,0.0,0.0,0.0,0.0,0.0,0.0,0.0,0.0,0.0,0.0,0.0,0.0,0.0,0.0,0.0,0.0
0.0,0.0,0.0,0.0,0.0,0.0,0.0,0.0,0.0,0.0,0.0,0.0,0.0,0.0,0.0,0.0,0.0,0.0,0.0,0.0,0.0,0.0,0.0,0.0,0.0,0.0,0.0,0.0,0.0,0.0,0.0,0.0,0.0,0.0,0.0,0.0,0.0,0.0,0.0
0.0,0.0,0.0,0.0,0.0,0.0,0.0,0.0,0.0,0.0,0.0,0.0,0.0,0.0,0.0,0.0,0.0,0.0,0.0,0.0,0.0,0.0,0.0,0.0,0.0,0.0,0.0,0.0,0.0,0.0,0.0,0.0,0.0,0.0,0.0,0.0,0.0,0.0,0.0
0.0,0.0,0.0,0.0,0.0,0.0,0.0,0.0,0.0,0.0,0.0,0.0,0.0,0.0,0.0,0.0,0.0,0.0,0.0,0.0,0.0,0.0,0.0,0.0,0.0,0.0,0.0,0.0,0.0,0.0,0.0,0.0,0.0,0.0,0.0,0.0,0.0,0.0,0.0
0.0,0.0,0.0,0.0,0.0,0.0,0.0,0.0,0.0,0.0,0.0,0.0,0.0,0.0,0.0,0.0,0.0,0.0,0.0,0.0,0.0,0.0,0.0,0.0,0.0,0.0,0.0,0.0,0.0,0.0,0.0,0.0,0.0,0.0,0.0,0.0,0.0,0.0,0.0
0.0,0.0,0.0,0.0,0.0,0.0,0.0,0.0,0.0,0.0,0.0,0.0,0.0,0.0,0.0,0.0,0.0,0.0,0.0,0.0,0.0,0.0,0.0,0.0,0.0,0.0,0.0,0.0,0.0,0.0,0.0,0.0,0.0,0.0,0.0,0.0,0.0,0.0,0.0
0.0,0.0,0.0,0.0,0.0,0.0,0.0,0.0,0.0,0.0,0.0,0.0,0.0,0.0,0.0,0.0,0.0,0.0,0.0,0.0,0.0,0.0,0.0,0.0,0.0,0.0,0.0,0.0,0.0,0.0,0.0,0.0,0.0,0.0,0.0,0.0,0.0,0.0,0.0
0.0,0.0,0.0,0.0,0.0,0.0,0.0,0.0,0.0,0.0,0.0,0.0,0.0,0.0,0.0,0.0,0.0,0.0,0.0,0.0,0.0,0.0,0.0,0.0,0.0,0.0,0.0,0.0,0.0,0.0,0.0,0.0,0.0,0.0,0.0,0.0,0.0,0.0,0.0
0.0,0.0,0.0,0.0,0.0,0.0,0.0,0.0,0.0,0.0,0.0,0.0,0.0,0.0,0.0,0.0,0.0,0.0,0.0,0.0,0.0,0.0,0.0,0.0,0.0,0.0,0.0,0.0,0.0,0.0,0.0,0.0,0.0,0.0,0.0,0.0,0.0,0.0,0.0
0.0,0.0,0.0,0.0,0.0,0.0,0.0,0.0,0.0,0.0,0.0,0.0,0.0,0.0,0.0,0.0,0.0,0.0,0.0,0.0,0.0,0.0,0.0,0.0,0.0,0.0,0.0,0.0,0.0,0.0,0.0,0.0,0.0,0.0,0.0,0.0,0.0,0.0,0.0
0.0,0.0,0.0,0.0,0.0,0.0,0.0,0.0,0.0,0.0,0.0,0.0,0.0,0.0,0.0,0.0,0.0,0.0,0.0,0.0,0.0,0.0,0.0,0.0,0.0,0.0,0.0,0.0,0.0,0.0,0.0,0.0,0.0,0.0,0.0,0.0,0.0,0.0,0.0
0.0,0.0,0.0,0.0,0.0,0.0,-0.001,0.0,0.0,0.0,0.0,0.0,0.0,0.0,0.0,0.0,0.0,0.0,0.0,0.0,0.0,0.0,0.0,0.0,0.0,0.0,0.0,0.0,0.0,0.0,0.0,0.0,0.0,-0.002,-0.012,0.0,0.0,0.0,0.0
-0.002,-0.009,-0.062,-0.125,-0.068,-0.061,-0.029,-0.018,-0.005,-0.021,-0.016,-0.014,-0.027,-0.02,0.0,0.0,0.0,-0.002,-0.006,0.0,-0.007,0.0,-0.007,-0.007,-0.026,-0.017,-0.017,-0.004,-0.058,-0.004,-0.02,-0.019,-0.018,-0.055,-0.24,0.0,-0.006,-0.001,0.0
-0.745,-0.043,-0.52,-0.691,-0.669,-0.374,-0.157,-1.017,-0.814,-0.077,-0.067,-0.077,-0.078,-0.066,-0.001,-0.03,-0.006,-0.055,-0.081,-0.024,-0.072,0.0,-0.065,-0.064,-0.104,-0.085,-0.084,-0.033,-0.18,-0.053,-0.096,-0.064,-0.073,-0.107,-0.6,-0.01,-0.06,-0.037,-0.002
-1.316,-0.078,-1.202,-1.42,-1.503,-0.941,-0.58,-1.929,-1.684,-0.138,-0.127,-0.14,-0.167,-0.12,-0.036,-0.058,-0.032,-0.192,-0.206,-0.104,-0.16,-0.004,-0.132,-0.148,-0.228,-0.173,-0.174,-0.081,-0.335,-0.209,-0.196,-0.11,-0.165,-0.198,-0.932,-0.082,-0.139,-0.104,-0.03
-1.982,-0.109,-1.883,-2.308,-2.24,-1.461,-1.142,-2.506,-2.418,-0.242,-0.228,-0.271,-0.304,-0.222,-0.148,-0.331,-0.148,-0.447,-0.394,-0.162,-0.366,-0.012,-0.249,-0.286,-0.382,-0.3,-0.303,-0.124,-0.525,-0.532,-1.858,-0.191,-0.324,-0.356,-1.652,-0.154,-0.26,-0.232,-0.049
-2.308,-0.142,-2.545,-2.797,-2.705,-2.557,-1.783,-2.952,-2.963,-0.425,-0.393,-0.475,-0.48,-0.407,-0.354,-0.953,-0.346,-1.86,-0.646,-0.303,-0.925,-0.048,-0.427,-0.47,-0.616,-0.5,-0.503,-0.167,-0.676,-0.947,-2.667,-0.322,-0.34,-0.37,-2.389,-0.23,-0.494,-0.406,-0.064
-3.143,-0.217,-2.945,-3.162,-3.083,-3.043,-2.443,-3.247,-3.257,-0.664,-0.628,-0.729,-0.69,-0.67,-0.635,-1.697,-0.689,-2.626,-0.914,-0.456,-1.299,-0.087,-0.669,-0.706,-0.885,-0.719,-0.722,-0.201,-1.978,-1.366,-3.084,-0.502,-0.53,-0.58,-2.806,-0.355,-0.718,-0.64,-0.077
-3.419,-0.355,-3.229,-3.443,-3.363,-3.321,-3.004,-3.554,-3.579,-0.954,-0.914,-1.024,-0.909,-0.943,-0.744,-1.321,-0.828,-3.021,-1.224,-0.669,-2.659,-0.168,-0.935,-0.971,-1.164,-0.973,-0.977,-0.253,-3.082,-1.957,-3.348,-0.758,-1.112,-1.138,-3.16,-0.506,-0.85,-0.898,-0.249
-3.598,-0.615,-3.428,-3.659,-3.57,-3.782,-3.35,-3.813,-3.826,-1.274,-1.222,-1.336,-1.131,-1.215,-0.95,-1.392,-1.142,-3.305,-1.529,-0.973,-2.97,-0.301,-1.192,-1.237,-1.448,-1.257,-1.26,-0.381,-3.337,-2.437,-2.558,-1.054,-1.44,-1.457,-3.385,-0.599,-1.349,-1.173,-2.145
-3.763,-0.972,-3.623,-3.856,-3.763,-3.984,-3.507,-3.977,-4.001,-1.601,-1.545,-1.64,-1.343,-1.509,-1.149,-0.642,-0.7,-3.532,-1.801,-1.239,-2.876,-0.498,-1.465,-1.492,-1.74,-1.567,-1.572,-0.576,-3.519,-3.058,-3.845,-1.361,-1.774,-1.79,-3.583,-0.922,-1.599,-1.485,-2.277
-3.892,-1.36,-3.727,-3.952,-3.855,-4.099,-3.635,-4.133,-4.068,-1.92,-1.862,-1.932,-1.556,-1.814,-0.683,-1.477,-0.735,-3.329,-2.127,-1.402,-1.995,-0.685,-1.762,-1.726,-2.045,-1.853,-1.854,-0.813,-3.682,-3.295,-3.999,-1.668,-2.072,-2.091,-3.757,-1.232,-1.805,-1.805,-2.342
-3.986,-1.682,-3.805,-4.011,-3.941,-4.191,-3.846,-4.257,-2.998,-2.234,-2.173,-2.225,-1.794,-2.101,-1.723,-3.404,-1.88,-3.938,-2.435,-1.807,-3.051,-0.62,-2.034,-1.989,-2.32,-2.157,-2.155,-1.076,-3.873,-3.47,-4.117,-1.976,-2.339,-2.357,-3.856,-1.538,-1.972,-2.097,-2.445
-4.023,-1.991,-3.9,-4.101,-4.041,-4.317,-4.059,-4.33,-4.346,-2.539,-2.478,-2.498,-2.03,-2.377,-1.851,-3.491,-1.991,-4.074,-2.728,-2.017,-1.784,-0.713,-2.302,-2.249,-2.576,-2.428,-2.428,-1.413,-4.016,-3.65,-4.24,-2.264,-2.602,-2.618,-3.99,-1.807,-2.211,-2.364,-2.521
-4.088,-2.295,-3.989,-4.237,-4.174,-4.425,-4.217,-4.234,-2.858,-2.803,-2.74,-2.749,-2.257,-2.639,-2.054,-3.59,-2.205,-4.163,-2.948,-1.877,-2.481,-1.177,-2.55,-2.518,-2.834,-2.728,-2.731,-1.745,-4.134,-3.789,-3.307,-2.533,-2.851,-2.865,-4.011,-2.064,-2.428,-2.597,-2.582
-4.103,-2.573,-4.093,-4.358,-4.277,-4.487,-4.334,-4.431,-4.389,-3.131,-3.075,-2.996,-2.465,-2.881,-2.269,-3.705,-2.437,-4.236,-3.173,-2.001,-1.758,-1.245,-2.765,-2.738,-3.089,-2.995,-3.0,-2.038,-4.366,-3.927,-3.481,-2.782,-2.834,-2.898,-4.135,-2.336,-2.647,-2.816,-2.634
-4.16,-2.839,-4.316,-4.456,-4.473,-4.554,-4.44,-4.519,-3.639,-3.255,-3.2,-3.249,-2.646,-3.102,-2.504,-3.736,-2.722,-4.257,-3.455,-2.729,-3.482,-0.554,-3.003,-2.948,-3.307,-3.261,-3.261,-2.381,-3.272,-4.048,-4.048,-3.05,-3.326,-3.347,-4.228,-2.572,-2.853,-3.004,-2.666
-4.151,-3.072,-4.316,-4.518,-4.465,-4.613,-4.34,-4.525,-4.284,-2.792,-2.731,-3.384,-2.822,-3.317,-2.509,-4.113,-1.918,-4.296,-3.693,-2.928,-4.239,-0.612,-3.18,-3.15,-3.502,-3.472,-3.47,-2.741,-2.895,-4.105,-4.368,-3.296,-3.546,-3.572,-3.828,-2.78,-3.208,-3.173,-2.689
-4.172,-3.436,-4.226,-4.486,-4.552,-4.455,-4.519,-4.651,-3.705,-3.844,-3.767,-3.527,-2.989,-3.502,-1.742,-4.034,-2.908,-4.297,-3.865,-3.129,-3.981,-1.114,-3.333,-3.348,-3.684,-3.691,-3.69,-3.022,-1.073,-4.052,-4.424,-3.567,-3.907,-3.949,-3.591,-3.011,-3.487,-3.33,-2.748
-4.179,-2.049,-2.167,-2.706,-2.357,-4.305,-4.373,-4.425,-3.465,-4.052,-3.98,-3.826,-3.183,-3.652,-2.685,-4.137,-2.217,-4.291,-4.034,-2.873,-4.257,-1.29,-3.494,-3.536,-3.837,-3.878,-3.879,-3.251,-1.469,-4.081,-4.586,-2.914,-3.467,-3.43,-3.472,-3.207,-3.709,-3.504,-2.788
-4.55,-0.51,-2.908,-3.815,-2.962,-4.173,-4.669,-3.53,-3.541,-4.231,-4.165,-3.947,-3.634,-3.804,-2.95,-4.304,-1.749,-4.399,-4.177,-3.658,-4.294,-1.637,-3.673,-3.642,-3.971,-4.052,-4.049,-3.415,-3.322,-3.804,-4.561,-3.008,-3.214,-3.096,-2.967,-3.38,-3.89,-3.643,-2.828
-4.063,-0.493,-1.149,-1.477,-1.096,-3.915,-4.675,-3.779,-3.812,-4.362,-4.304,-4.028,-2.26,-4.016,-3.464,-1.798,-3.02,-4.451,-4.319,-3.494,-1.956,-2.123,-3.772,-3.757,-4.088,-4.183,-4.186,-3.392,-4.4,-4.435,-4.541,-1.722,-3.951,-3.883,-2.635,-3.537,-4.104,-3.717,-2.85
-1.382,-0.353,-0.862,-0.875,-0.94,-3.547,-4.678,-4.567,-4.362,-4.513,-4.463,-4.174,-1.625,-4.192,-3.134,-3.574,-2.243,-4.513,-4.444,-3.524,-2.684,-2.28,-3.904,-3.933,-4.192,-4.268,-4.272,-3.487,-4.294,-4.489,-4.504,-2.009,-2.421,-2.577,-1.114,-3.695,-4.263,-3.909,-2.879
-1.931,-2.011,-1.966,-1.527,-2.469,-3.942,-4.687,-4.596,-4.643,-4.631,-4.587,-4.279,-2.697,-4.595,-3.328,-2.673,-3.347,-4.512,-4.535,-3.531,-1.067,-2.332,-3.979,-4.044,-4.181,-4.299,-4.308,-3.624,-4.458,-3.288,-4.521,-2.852,-3.473,-3.488,-2.208,-3.854,-4.373,-3.959,-2.895
-4.433,-4.087,-3.377,-4.449,-4.439,-3.034,-4.683,-4.601,-4.641,-4.724,-4.688,-4.361,-3.183,-4.273,-3.47,-2.222,-3.892,-4.541,-4.619,-1.852,-3.409,-2.315,-4.092,-4.1,-4.548,-3.535,-3.528,-3.713,-4.598,-3.992,-4.389,-4.382,-1.206,-1.206,-3.433,-3.923,-4.501,-4.003,-2.86
-4.33,-4.383,-2.764,-2.775,-3.06,-2.088,-4.707,-4.444,-4.487,-4.823,-4.785,-4.415,-3.81,-3.964,-3.596,-4.124,-3.862,-4.539,-4.679,-2.527,-3.768,-2.468,-4.116,-4.096,-4.544,-4.353,-4.329,-3.875,-3.348,-4.682,-4.202,-4.146,-2.512,-2.368,-3.929,-3.975,-4.603,-4.081,-2.835
-4.087,-4.436,-3.622,-4.301,-4.318,-3.638,-4.725,-4.586,-4.632,-4.918,-4.88,-4.438,-3.811,-3.832,-3.679,-4.047,-3.901,-4.575,-4.729,-2.608,-3.188,-2.525,-4.168,-4.115,-4.434,-4.495,-4.481,-4.055,-2.786,-4.701,-4.677,-4.169,-2.126,-2.14,-2.594,-4.081,-4.696,-4.059,-2.839
-3.751,-3.728,-3.83,-4.331,-3.883,-4.094,-4.255,-4.365,-4.411,-4.947,-4.908,-4.524,-3.876,-4.301,-3.661,-3.396,-3.932,-4.543,-4.722,-2.777,-1.568,-2.091,-4.24,-4.178,-4.427,-4.617,-4.606,-3.872,-2.176,-4.695,-4.44,-3.958,-1.583,-1.612,-2.214,-4.143,-4.596,-4.201,-2.817
-4.475,-1.637,-0.973,-2.117,-1.04,-4.33,-3.99,-4.16,-4.194,-4.948,-4.912,-4.555,-3.969,-4.295,-3.698,-3.978,-3.952,-4.529,-4.669,-2.382,-0.629,-1.31,-4.03,-4.222,-4.408,-4.67,-4.653,-4.122,-1.9,-3.647,-4.295,-4.171,-1.116,-1.141,-1.833,-4.195,-4.037,-4.201,-2.826
-2.463,-1.602,-1.059,-1.089,-1.1,-4.464,-4.235,-4.222,-4.26,-4.954,-4.912,-4.595,-4.008,-4.329,-3.773,-4.066,-3.957,-4.496,-4.614,-1.526,-2.6,-2.704,-4.2,-4.238,-4.379,-4.612,-4.605,-4.159,-1.201,-4.017,-2.867,-4.682,-1.375,-1.373,-1.197,-4.219,-4.72,-4.057,-2.839
-2.136,-2.23,-3.274,-3.257,-3.603,-4.553,-3.841,-4.242,-4.278,-4.897,-4.852,-4.636,-4.003,-3.686,-3.761,-4.099,-3.949,-4.476,-4.573,-2.66,-1.548,-2.434,-4.1,-4.127,-4.361,-4.58,-4.571,-3.595,-1.038,-3.454,-2.147,-3.224,-0.94,-0.958,-2.234,-4.228,-4.684,-4.127,-2.823
-2.64,-2.837,-3.604,-4.018,-4.148,-3.531,-2.288,-4.141,-4.187,-4.872,-4.829,-4.521,-3.589,-3.546,-3.701,-4.172,-3.949,-4.433,-4.528,-3.74,-2.732,-2.525,-3.936,-4.069,-4.322,-4.548,-4.543,-4.261,-1.313,-4.751,-1.198,-4.523,-1.335,-1.352,-3.687,-4.08,-4.6,-4.155,-2.832
-3.28,-2.856,-4.669,-4.833,-4.766,-2.679,-1.438,-4.12,-4.171,-4.796,-4.74,-4.375,-1.837,-4.064,-3.633,-4.166,-3.868,-4.412,-4.461,-4.254,-0.543,-2.445,-2.809,-3.81,-4.279,-4.541,-4.531,-4.134,-1.455,-4.741,-1.927,-4.645,-0.937,-0.957,-1.928,-3.317,-4.161,-4.106,-2.854
-2.236,-2.29,-3.76,-4.26,-4.217,-3.989,-1.066,-4.094,-4.137,-4.693,-4.64,-4.375,-1.599,-2.059,-3.549,-4.194,-3.795,-4.466,-4.328,-1.334,-0.679,-2.403,-3.241,-4.019,-4.205,-4.418,-4.406,-3.09,-0.666,-4.019,-1.603,-4.346,-1.273,-1.266,-1.919,-4.079,-3.714,-4.081,-2.842
-1.904,-2.176,-3.595,-3.589,-3.844,-3.981,-2.872,-4.023,-4.065,-4.251,-4.199,-4.335,-0.894,-1.397,-3.413,-4.206,-3.719,-4.386,-4.211,-0.815,-1.154,-2.348,-4.229,-3.97,-4.129,-4.36,-4.349,-1.164,-0.633,-2.761,-0.72,-4.081,-1.66,-1.705,-3.35,-4.102,-2.675,-3.989,-2.834
-2.438,-2.948,-2.026,-2.55,-2.431,-2.007,-3.57,-3.441,-3.496,-4.27,-4.237,-4.144,-1.657,-1.235,-3.319,-4.202,-3.611,-4.417,-4.104,-3.153,-1.318,-2.078,-3.21,-3.857,-3.951,-4.201,-4.186,-1.845,-0.896,-3.106,-0.71,-4.321,-1.189,-1.268,-3.555,-4.068,-1.325,-3.884,-2.816
-2.349,-3.74,-3.196,-3.198,-3.556,-3.326,-4.577,-3.763,-3.805,-4.335,-4.287,-4.077,-2.595,-1.931,-3.203,-4.189,-3.519,-4.374,-3.96,-3.754,-2.04,-2.235,-2.594,-3.687,-3.763,-4.064,-4.045,-1.186,-0.504,-2.875,-2.257,-2.968,-0.828,-0.914,-1.35,-3.929,-1.974,-3.769,-2.802
-3.157,-1.805,-1.562,-1.528,-1.661,-3.765,-4.159,-4.179,-4.257,-3.959,-3.92,-3.88,-1.704,-3.377,-3.029,-4.167,-3.394,-4.354,-3.789,-3.634,-2.127,-2.226,-2.425,-3.571,-3.629,-3.886,-3.869,-1.489,-0.796,-4.273,-0.655,-0.974,-0.342,-0.384,-0.674,-3.533,-3.949,-3.606,-2.777
-2.095,-0.682,-3.303,-3.621,-3.78,-2.994,-4.14,-3.683,-3.778,-4.029,-3.985,-3.683,-1.331,-3.321,-2.859,-4.173,-3.263,-4.362,-3.596,-3.475,-1.467,-2.145,-1.424,-3.379,-3.435,-3.742,-3.726,-3.267,-1.707,-4.471,-3.493,-1.101,-0.434,-0.46,-2.442,-3.294,-3.79,-3.491,-2.767
-1.075,-3.199,-3.825,-4.379,-3.997,-3.257,-4.594,-2.337,-2.381,-3.9,-3.862,-2.702,-1.781,-1.684,-2.718,-4.155,-3.105,-4.323,-3.379,-2.493,-0.991,-2.073,-3.468,-3.231,-3.353,-3.62,-3.608,-2.622,-2.675,-4.39,-2.756,-0.973,-0.417,-0.436,-3.818,-2.068,-3.759,-3.342,-2.753
-4.327,-3.104,-3.836,-4.136,-4.08,-2.29,-2.676,-3.115,-3.214,-2.821,-2.795,-2.865,-1.64,-1.695,-2.524,-4.119,-2.941,-4.304,-3.157,-2.303,-1.52,-1.703,-2.792,-2.246,-2.894,-3.329,-3.291,-0.876,-3.504,-4.25,-3.29,-0.905,-0.647,-0.665,-3.436,-2.401,-3.469,-3.163,-2.735
-4.108,-3.599,-3.699,-3.673,-3.908,-1.305,-3.485,-3.42,-3.493,-3.365,-3.338,-3.175,-0.736,-2.766,-2.269,-4.037,-2.754,-4.278,-2.918,-2.807,-2.828,-1.812,-2.049,-2.944,-2.788,-3.151,-3.131,-0.997,-4.507,-4.144,-2.551,-1.708,-1.361,-1.35,-1.49,-2.318,-2.269,-2.949,-2.728
-4.075,-1.695,-2.951,-2.155,-2.768,-0.649,-3.256,-2.844,-3.051,-2.448,-2.423,-2.83,-0.361,-0.591,-2.069,-3.899,-2.551,-4.212,-2.666,-2.567,-4.217,-1.521,-1.647,-2.103,-2.564,-2.501,-2.493,-0.395,-3.026,-3.953,-3.941,-1.483,-0.854,-0.889,-1.169,-1.436,-2.25,-2.723,-2.712
-4.12,-2.745,-2.921,-2.146,-2.937,-1.717,-4.212,-3.901,-4.005,-2.831,-2.816,-2.501,-0.915,-0.362,-1.821,-3.716,-2.325,-4.132,-2.376,-1.482,-3.957,-1.372,-2.208,-2.618,-2.289,-2.642,-2.624,-0.531,-4.088,-3.762,-3.723,-2.87,-0.723,-0.747,-3.065,-0.738,-2.314,-2.476,-2.656
-3.913,-2.05,-4.303,-4.372,-4.312,-2.488,-4.435,-3.748,-3.862,-2.519,-2.503,-2.353,-0.463,-0.733,-1.619,-3.494,-2.1,-4.069,-2.064,-2.077,-3.7,-1.364,-1.576,-2.246,-2.022,-2.395,-2.374,-1.06,-3.99,-3.458,-2.527,-1.957,-0.532,-0.562,-3.327,-1.464,-1.104,-2.227,-2.604
-2.242,-0.361,-4.026,-4.093,-4.039,-2.289,-4.301,-3.751,-3.822,-2.202,-2.183,-2.06,-0.515,-1.12,-1.387,-3.249,-1.856,-3.982,-1.516,-2.141,-3.613,-1.21,-0.741,-1.979,-1.753,-1.97,-1.958,-0.337,-3.808,-3.221,-2.076,-2.245,-0.538,-0.573,-2.791,-1.039,-1.115,-1.973,-2.537
-1.387,-0.858,-3.578,-3.793,-3.734,-2.051,-4.061,-3.205,-3.337,-1.882,-1.867,-1.778,-1.205,-1.83,-1.138,-3.017,-1.6,-3.8,-1.448,-1.517,-3.435,-0.999,-1.034,-1.8,-1.455,-1.807,-1.792,-1.143,-3.318,-2.745,-2.977,-1.899,-0.697,-0.751,-1.226,-2.073,-0.588,-1.688,-2.449
-1.403,-1.577,-3.235,-3.371,-3.287,-1.767,-3.873,-3.277,-3.394,-1.583,-1.571,-1.459,-1.661,-0.817,-0.898,-2.771,-1.35,-3.707,-1.127,-1.104,-3.255,-0.717,-0.435,-1.056,-1.188,-1.539,-1.522,-1.073,-2.824,-2.779,-3.817,-1.517,-0.449,-0.484,-1.695,-1.702,-0.69,-1.386,-2.373
-1.246,-1.264,-2.51,-2.364,-2.646,-1.499,-3.621,-3.367,-3.452,-1.264,-1.256,-1.149,-0.657,-0.32,-0.718,-2.501,-1.079,-3.53,-0.817,-0.864,-2.999,-0.547,-0.308,-0.923,-0.92,-1.253,-1.235,-0.816,-2.289,-2.236,-3.63,-1.215,-0.358,-0.389,-1.21,-1.415,-0.557,-1.103,-2.292
-1.724,-1.235,-1.896,-2.247,-2.047,-0.838,-3.042,-2.982,-3.017,-0.937,-0.933,-0.894,-0.492,-0.525,-0.509,-2.193,-0.69,-3.289,-0.533,-0.631,-2.745,-0.418,-0.367,-0.338,-0.578,-0.871,-0.853,-0.53,-1.698,-1.139,-3.403,-0.918,-0.345,-0.376,-0.384,-1.117,-0.52,-0.818,-2.162
-0.382,-0.504,-0.241,-0.334,-0.293,-0.336,-2.246,-2.92,-2.956,-0.658,-0.655,-0.749,-0.431,-0.258,-0.341,-1.701,-0.404,-2.955,-0.317,-0.398,-2.405,-0.278,-0.309,-0.401,-0.336,-0.542,-0.53,-0.301,-1.161,-0.42,-3.0,-0.626,-0.188,-0.224,-1.351,-0.831,-0.492,-0.556,-1.978
-0.938,-0.232,-0.027,-0.084,-0.042,-0.189,-1.726,-2.686,-2.679,-0.405,-0.412,-0.512,-0.239,-0.224,-0.222,-0.138,-0.273,-1.984,-0.185,-0.303,-2.048,-0.138,-0.265,-0.244,-0.151,-0.214,-0.211,-0.193,-0.703,-0.378,-2.608,-0.358,-0.156,-0.188,-1.362,-0.566,-0.334,-0.343,-1.705
-0.418,-0.082,0.0,-0.001,0.0,-0.332,-1.142,-2.13,-2.14,-0.237,-0.234,-0.308,-0.198,-0.086,-0.134,-0.113,-0.167,-0.899,-0.142,-0.249,-1.566,-0.036,-0.132,-0.167,-0.106,-0.097,-0.096,-0.138,-0.25,-0.385,-1.923,-0.219,-0.123,-0.158,-0.588,-0.335,-0.235,-0.204,-1.018
-0.284,-0.062,0.0,0.0,0.0,-0.25,-0.625,-1.388,-1.392,-0.14,-0.134,-0.175,-0.15,-0.046,-0.085,-0.08,-0.084,-0.424,-0.088,-0.202,-0.859,-0.004,-0.102,-0.104,-0.079,-0.081,-0.078,-0.09,-0.121,-0.221,-1.014,-0.112,-0.038,-0.074,-0.1,-0.166,-0.166,-0.109,-0.582
-0.345,-0.04,0.0,0.0,0.0,-0.103,-0.214,-0.145,-0.115,-0.062,-0.056,-0.095,-0.072,-0.008,-0.042,-0.041,-0.036,-0.051,-0.038,-0.112,-0.163,0.0,-0.029,-0.059,-0.006,-0.006,-0.007,-0.039,-0.075,-0.072,-0.088,-0.057,-0.003,-0.028,-0.032,-0.07,-0.083,-0.068,-0.107
-0.005,-0.005,0.0,0.0,0.0,-0.021,-0.033,-0.033,-0.018,-0.012,-0.009,-0.021,-0.007,0.0,-0.004,-0.005,-0.003,-0.005,0.0,-0.021,-0.032,0.0,-0.002,-0.014,0.0,0.0,0.0,-0.001,-0.027,-0.012,-0.009,-0.01,0.0,0.0,0.0,-0.01,-0.019,-0.024,-0.035
0.0,0.0,0.0,0.0,0.0,0.0,0.0,0.0,0.0,0.0,0.0,0.0,0.0,0.0,0.0,0.0,0.0,0.0,0.0,0.0,0.0,0.0,0.0,0.0,0.0,0.0,0.0,0.0,-0.003,0.0,0.0,0.0,0.0,0.0,0.0,0.0,0.0,-0.001,-0.001
0.0,0.0,0.0,0.0,0.0,0.0,0.0,0.0,0.0,0.0,0.0,0.0,0.0,0.0,0.0,0.0,0.0,0.0,0.0,0.0,0.0,0.0,0.0,0.0,0.0,0.0,0.0,0.0,0.0,0.0,0.0,0.0,0.0,0.0,0.0,0.0,0.0,0.0,0.0
0.0,0.0,0.0,0.0,0.0,0.0,0.0,0.0,0.0,0.0,0.0,0.0,0.0,0.0,0.0,0.0,0.0,0.0,0.0,0.0,0.0,0.0,0.0,0.0,0.0,0.0,0.0,0.0,0.0,0.0,0.0,0.0,0.0,0.0,0.0,0.0,0.0,0.0,0.0
0.0,0.0,0.0,0.0,0.0,0.0,0.0,0.0,0.0,0.0,0.0,0.0,0.0,0.0,0.0,0.0,0.0,0.0,0.0,0.0,0.0,0.0,0.0,0.0,0.0,0.0,0.0,0.0,0.0,0.0,0.0,0.0,0.0,0.0,0.0,0.0,0.0,0.0,0.0
0.0,0.0,0.0,0.0,0.0,0.0,0.0,0.0,0.0,0.0,0.0,0.0,0.0,0.0,0.0,0.0,0.0,0.0,0.0,0.0,0.0,0.0,0.0,0.0,0.0,0.0,0.0,0.0,0.0,0.0,0.0,0.0,0.0,0.0,0.0,0.0,0.0,0.0,0.0
0.0,0.0,0.0,0.0,0.0,0.0,0.0,0.0,0.0,0.0,0.0,0.0,0.0,0.0,0.0,0.0,0.0,0.0,0.0,0.0,0.0,0.0,0.0,0.0,0.0,0.0,0.0,0.0,0.0,0.0,0.0,0.0,0.0,0.0,0.0,0.0,0.0,0.0,0.0
0.0,0.0,0.0,0.0,0.0,0.0,0.0,0.0,0.0,0.0,0.0,0.0,0.0,0.0,0.0,0.0,0.0,0.0,0.0,0.0,0.0,0.0,0.0,0.0,0.0,0.0,0.0,0.0,0.0,0.0,0.0,0.0,0.0,0.0,0.0,0.0,0.0,0.0,0.0
0.0,0.0,0.0,0.0,0.0,0.0,0.0,0.0,0.0,0.0,0.0,0.0,0.0,0.0,0.0,0.0,0.0,0.0,0.0,0.0,0.0,0.0,0.0,0.0,0.0,0.0,0.0,0.0,0.0,0.0,0.0,0.0,0.0,0.0,0.0,0.0,0.0,0.0,0.0
0.0,0.0,0.0,0.0,0.0,0.0,0.0,0.0,0.0,0.0,0.0,0.0,0.0,0.0,0.0,0.0,0.0,0.0,0.0,0.0,0.0,0.0,0.0,0.0,0.0,0.0,0.0,0.0,0.0,0.0,0.0,0.0,0.0,0.0,0.0,0.0,0.0,0.0,0.0
0.0,0.0,0.0,0.0,0.0,0.0,0.0,0.0,0.0,0.0,0.0,0.0,0.0,0.0,0.0,0.0,0.0,0.0,0.0,0.0,0.0,0.0,0.0,0.0,0.0,0.0,0.0,0.0,0.0,0.0,0.0,0.0,0.0,0.0,0.0,0.0,0.0,0.0,0.0
0.0,0.0,0.0,0.0,0.0,0.0,0.0,0.0,0.0,0.0,0.0,0.0,0.0,0.0,0.0,0.0,0.0,0.0,0.0,0.0,0.0,0.0,0.0,0.0,0.0,0.0,0.0,0.0,0.0,0.0,0.0,0.0,0.0,0.0,0.0,0.0,0.0,0.0,0.0
0.0,0.0,0.0,0.0,0.0,0.0,0.0,0.0,0.0,0.0,0.0,0.0,0.0,0.0,0.0,0.0,0.0,0.0,0.0,0.0,0.0,0.0,0.0,0.0,0.0,0.0,0.0,0.0,0.0,0.0,0.0,0.0,0.0,0.0,0.0,0.0,0.0,0.0,0.0
0.0,0.0,0.0,0.0,0.0,0.0,0.0,0.0,0.0,0.0,0.0,0.0,0.0,0.0,0.0,0.0,0.0,0.0,0.0,0.0,0.0,0.0,0.0,0.0,0.0,0.0,0.0,0.0,0.0,0.0,0.0,0.0,0.0,0.0,0.0,0.0,0.0,0.0,0.0
0.0,0.0,0.0,0.0,0.0,0.0,0.0,0.0,0.0,0.0,0.0,0.0,0.0,0.0,0.0,0.0,0.0,0.0,0.0,0.0,0.0,0.0,0.0,0.0,0.0,0.0,0.0,0.0,0.0,0.0,0.0,0.0,0.0,0.0,0.0,0.0,0.0,0.0,0.0
0.0,0.0,0.0,0.0,0.0,0.0,0.0,0.0,0.0,0.0,0.0,0.0,0.0,0.0,0.0,0.0,0.0,0.0,0.0,0.0,0.0,0.0,0.0,0.0,0.0,0.0,0.0,0.0,0.0,0.0,0.0,0.0,0.0,0.0,0.0,0.0,0.0,0.0,0.0
0.0,0.0,0.0,0.0,0.0,0.0,0.0,0.0,0.0,0.0,0.0,0.0,0.0,0.0,0.0,0.0,0.0,0.0,0.0,0.0,0.0,0.0,0.0,0.0,0.0,0.0,0.0,0.0,0.0,0.0,0.0,0.0,0.0,0.0,0.0,0.0,0.0,0.0,0.0
0.0,0.0,0.0,0.0,0.0,0.0,0.0,0.0,0.0,0.0,0.0,0.0,0.0,0.0,0.0,0.0,0.0,0.0,0.0,0.0,0.0,0.0,0.0,0.0,0.0,0.0,0.0,0.0,0.0,0.0,0.0,0.0,0.0,0.0,0.0,0.0,0.0,0.0,0.0
0.0,0.0,0.0,0.0,0.0,0.0,0.0,0.0,0.0,0.0,0.0,0.0,0.0,0.0,0.0,0.0,0.0,0.0,0.0,0.0,0.0,0.0,0.0,0.0,0.0,0.0,0.0,0.0,0.0,0.0,0.0,0.0,0.0,0.0,0.0,0.0,0.0,0.0,0.0
0.0,0.0,0.0,0.0,0.0,0.0,0.0,0.0,0.0,0.0,0.0,0.0,0.0,0.0,0.0,0.0,0.0,0.0,0.0,0.0,0.0,0.0,0.0,0.0,0.0,0.0,0.0,0.0,0.0,0.0,0.0,0.0,0.0,0.0,0.0,0.0,0.0,0.0,0.0
0.0,0.0,0.0,0.0,0.0,0.0,0.0,0.0,0.0,0.0,0.0,0.0,0.0,0.0,0.0,0.0,0.0,0.0,0.0,0.0,0.0,0.0,0.0,0.0,0.0,0.0,0.0,0.0,0.0,0.0,0.0,0.0,0.0,0.0,0.0,0.0,0.0,0.0,0.0
0.0,0.0,0.0,0.0,0.0,0.0,0.0,0.0,0.0,0.0,0.0,0.0,0.0,0.0,0.0,0.0,0.0,0.0,0.0,0.0,0.0,0.0,0.0,0.0,0.0,0.0,0.0,0.0,0.0,0.0,0.0,0.0,0.0,0.0,0.0,0.0,0.0,0.0,0.0
0.0,0.0,0.0,0.0,0.0,0.0,0.0,0.0,0.0,0.0,0.0,0.0,0.0,0.0,0.0,0.0,0.0,0.0,0.0,0.0,0.0,0.0,0.0,0.0,0.0,0.0,0.0,0.0,0.0,0.0,0.0,0.0,0.0,0.0,0.0,0.0,0.0,0.0,0.0
0.0,0.0,0.0,0.0,0.0,0.0,0.0,0.0,0.0,0.0,0.0,0.0,0.0,0.0,0.0,0.0,0.0,0.0,0.0,0.0,0.0,0.0,0.0,0.0,0.0,0.0,0.0,0.0,0.0,0.0,0.0,0.0,0.0,0.0,0.0,0.0,0.0,0.0,0.0
0.0,0.0,0.0,0.0,0.0,0.0,0.0,0.0,0.0,0.0,0.0,0.0,0.0,0.0,0.0,0.0,0.0,0.0,0.0,0.0,0.0,0.0,0.0,0.0,0.0,0.0,0.0,0.0,0.0,0.0,0.0,0.0,0.0,0.0,0.0,0.0,0.0,0.0,0.0
0.0,0.0,0.0,0.0,0.0,0.0,0.0,0.0,0.0,0.0,0.0,0.0,0.0,0.0,0.0,0.0,0.0,0.0,0.0,0.0,0.0,0.0,0.0,0.0,0.0,0.0,0.0,0.0,0.0,0.0,0.0,0.0,0.0,0.0,0.0,0.0,0.0,0.0,0.0
0.0,0.0,0.0,0.0,0.0,0.0,0.0,0.0,0.0,0.0,0.0,0.0,0.0,0.0,0.0,0.0,0.0,0.0,0.0,0.0,0.0,0.0,0.0,0.0,0.0,0.0,0.0,0.0,0.0,0.0,0.0,0.0,0.0,0.0,0.0,0.0,0.0,0.0,0.0
0.0,0.0,0.0,0.0,0.0,0.0,0.0,0.0,0.0,0.0,0.0,0.0,0.0,0.0,0.0,0.0,0.0,0.0,0.0,0.0,0.0,0.0,0.0,0.0,0.0,0.0,0.0,0.0,0.0,0.0,0.0,0.0,0.0,0.0,0.0,0.0,0.0,0.0,0.0
0.0,0.0,0.0,0.0,0.0,0.0,0.0,0.0,0.0,0.0,0.0,0.0,0.0,0.0,0.0,0.0,0.0,0.0,0.0,0.0,0.0,0.0,0.0,0.0,0.0,0.0,0.0,0.0,0.0,0.0,0.0,0.0,0.0,0.0,0.0,0.0,0.0,0.0,0.0
0.0,0.0,0.0,0.0,0.0,0.0,0.0,0.0,0.0,0.0,0.0,0.0,0.0,0.0,0.0,0.0,0.0,0.0,0.0,0.0,0.0,0.0,0.0,0.0,0.0,0.0,0.0,0.0,0.0,0.0,0.0,0.0,0.0,0.0,0.0,0.0,0.0,0.0,0.0
0.0,0.0,0.0,0.0,0.0,0.0,0.0,0.0,0.0,0.0,0.0,0.0,0.0,0.0,0.0,0.0,0.0,0.0,0.0,0.0,0.0,0.0,0.0,0.0,0.0,0.0,0.0,0.0,0.0,0.0,0.0,0.0,0.0,0.0,0.0,0.0,0.0,0.0,0.0
0.0,0.0,0.0,0.0,0.0,0.0,0.0,0.0,0.0,0.0,0.0,0.0,0.0,0.0,0.0,0.0,0.0,0.0,0.0,0.0,0.0,0.0,0.0,0.0,0.0,0.0,0.0,0.0,0.0,0.0,0.0,0.0,0.0,0.0,0.0,0.0,0.0,0.0,0.0
0.0,0.0,0.0,0.0,0.0,0.0,0.0,0.0,0.0,0.0,0.0,0.0,0.0,0.0,0.0,0.0,0.0,0.0,0.0,0.0,0.0,0.0,0.0,0.0,0.0,0.0,0.0,0.0,0.0,0.0,0.0,0.0,0.0,0.0,0.0,0.0,0.0,0.0,0.0
0.0,0.0,0.0,0.0,0.0,0.0,0.0,0.0,0.0,0.0,0.0,0.0,0.0,0.0,0.0,0.0,0.0,0.0,0.0,0.0,0.0,0.0,0.0,0.0,0.0,0.0,0.0,0.0,0.0,0.0,0.0,0.0,0.0,0.0,0.0,0.0,0.0,0.0,0.0
0.0,0.0,0.0,0.0,0.0,0.0,0.0,0.0,0.0,0.0,0.0,0.0,0.0,0.0,0.0,0.0,0.0,0.0,0.0,0.0,0.0,0.0,0.0,0.0,0.0,0.0,0.0,0.0,0.0,0.0,0.0,0.0,0.0,0.0,0.0,0.0,0.0,0.0,0.0
0.0,0.0,0.0,0.0,0.0,0.0,0.0,0.0,0.0,0.0,0.0,0.0,0.0,0.0,0.0,0.0,0.0,0.0,0.0,0.0,0.0,0.0,0.0,0.0,0.0,0.0,0.0,0.0,0.0,0.0,0.0,0.0,0.0,0.0,0.0,0.0,0.0,0.0,0.0
0.0,0.0,0.0,0.0,0.0,0.0,0.0,0.0,0.0,0.0,0.0,0.0,0.0,0.0,0.0,0.0,0.0,0.0,0.0,0.0,0.0,0.0,0.0,0.0,0.0,0.0,0.0,0.0,0.0,0.0,0.0,0.0,0.0,0.0,0.0,0.0,0.0,0.0,0.0
0.0,0.0,0.0,0.0,0.0,0.0,0.0,0.0,0.0,0.0,0.0,0.0,0.0,0.0,0.0,0.0,0.0,0.0,0.0,0.0,0.0,0.0,0.0,0.0,0.0,0.0,0.0,0.0,0.0,0.0,0.0,0.0,0.0,0.0,0.0,0.0,0.0,0.0,0.0
0.0,0.0,0.0,0.0,0.0,0.0,0.0,0.0,0.0,0.0,0.0,0.0,0.0,0.0,0.0,0.0,0.0,0.0,0.0,0.0,0.0,0.0,0.0,0.0,0.0,0.0,0.0,0.0,0.0,0.0,0.0,0.0,0.0,0.0,0.0,0.0,0.0,0.0,0.0
0.0,0.0,0.0,0.0,0.0,0.0,0.0,0.0,0.0,0.0,0.0,0.0,0.0,0.0,0.0,0.0,0.0,0.0,0.0,0.0,0.0,0.0,0.0,0.0,0.0,0.0,0.0,0.0,0.0,0.0,0.0,0.0,0.0,0.0,0.0,0.0,0.0,0.0,0.0
0.0,0.0,0.0,0.0,0.0,0.0,0.0,0.0,0.0,0.0,0.0,0.0,0.0,0.0,0.0,0.0,0.0,0.0,0.0,0.0,0.0,0.0,0.0,0.0,0.0,0.0,0.0,0.0,0.0,0.0,0.0,0.0,0.0,0.0,0.0,0.0,0.0,0.0,0.0
0.0,0.0,0.0,0.0,0.0,0.0,0.0,0.0,0.0,0.0,0.0,0.0,0.0,0.0,0.0,0.0,0.0,0.0,0.0,0.0,0.0,0.0,0.0,0.0,0.0,0.0,0.0,0.0,0.0,0.0,0.0,0.0,0.0,0.0,0.0,0.0,0.0,0.0,0.0
0.0,0.0,0.0,0.0,0.0,0.0,0.0,0.0,0.0,0.0,0.0,0.0,0.0,0.0,0.0,0.0,0.0,0.0,0.0,0.0,0.0,0.0,0.0,0.0,0.0,0.0,0.0,0.0,0.0,0.0,0.0,0.0,0.0,-0.009,0.0,0.0,0.0,0.0,0.0
0.0,-0.002,0.0,0.0,0.0,-0.002,-0.002,0.0,0.0,-0.021,-0.016,-0.004,-0.015,-0.01,0.0,-0.011,0.0,-0.009,0.0,0.0,-0.025,0.0,-0.007,0.0,-0.023,-0.016,-0.015,-0.001,-0.028,0.0,-0.002,-0.01,-0.024,-0.059,-0.026,0.0,0.0,-0.003,0.0
-0.023,-0.031,-0.002,-0.011,-0.004,-0.07,-0.023,-0.075,-0.06,-0.076,-0.069,-0.086,-0.066,-0.049,-0.014,-0.139,-0.025,-0.047,-0.018,-0.04,-0.115,0.0,-0.067,-0.064,-0.1,-0.077,-0.076,-0.045,-0.128,-0.001,-0.035,-0.067,-0.087,-0.122,-0.15,-0.014,-0.05,-0.037,-0.002
-0.077,-0.071,-0.068,-0.119,-0.079,-0.19,-0.05,-0.139,-0.121,-0.185,-0.176,-0.167,-0.169,-0.106,-0.087,-0.471,-0.091,-0.054,-0.08,-0.106,-1.017,0.0,-0.133,-0.161,-0.219,-0.154,-0.156,-0.108,-0.249,-0.033,-0.073,-0.154,-0.189,-0.22,-0.368,-0.083,-0.134,-0.104,-0.03
-0.308,-0.176,-0.093,-0.174,-0.123,-0.317,-0.168,-0.206,-0.183,-0.36,-0.35,-0.228,-0.264,-0.163,-0.157,-0.876,-0.209,-0.085,-0.142,-0.199,-1.845,-0.006,-0.207,-0.264,-0.36,-0.287,-0.29,-0.115,-0.31,-0.086,-0.111,-0.268,-0.345,-0.375,-0.765,-0.123,-0.242,-0.233,-0.05
-0.883,-0.336,-0.153,-0.247,-0.183,-0.503,-0.403,-0.332,-0.316,-0.458,-0.44,-0.247,-0.472,-0.408,-0.226,-1.17,-0.37,-0.339,-0.164,-0.305,-2.485,-0.067,-0.416,-0.445,-0.621,-0.493,-0.497,-0.205,-0.613,-0.169,-0.138,-0.404,-0.571,-0.601,-1.826,-0.19,-0.42,-0.414,-0.066
-0.57,-0.399,-0.307,-0.34,-0.314,-0.618,-0.921,-2.556,-2.413,-0.447,-0.445,-0.665,-0.74,-0.627,-0.345,-1.893,-0.573,-0.446,-0.241,-0.61,-2.859,-0.102,-0.611,-0.682,-0.922,-0.731,-0.737,-0.384,-1.849,-0.214,-0.295,-0.536,-0.839,-0.87,-2.205,-0.313,-0.675,-0.67,-0.077
-0.854,-0.531,-0.381,-0.382,-0.415,-0.668,-0.916,-3.387,-3.311,-0.843,-0.813,-1.281,-0.678,-0.732,-0.45,-2.505,-0.828,-0.367,-0.498,-0.853,-3.07,-0.169,-0.813,-0.92,-1.242,-0.923,-0.925,-0.619,-2.626,-0.34,-0.439,-0.701,-1.143,-1.173,-1.324,-0.488,-0.987,-0.936,-0.392
-0.792,-0.86,-0.426,-0.464,-0.463,-0.512,-1.813,-3.161,-3.042,-1.3,-1.253,-1.428,-0.946,-1.085,-0.637,-2.795,-1.082,-0.387,-0.883,-1.103,-3.379,-0.313,-1.075,-1.167,-1.424,-1.467,-1.469,-0.85,-3.029,-0.593,-0.505,-0.998,-1.454,-1.471,-0.808,-0.705,-1.323,-1.191,-2.261
-0.675,-0.927,-0.549,-0.512,-0.633,-0.444,-3.212,-3.621,-3.598,-1.593,-1.54,-1.551,-0.77,-1.406,-0.9,-3.102,-1.341,-0.72,-1.562,-1.337,-3.574,-0.516,-1.381,-1.414,-1.937,-1.856,-1.861,-1.127,-3.327,-0.752,-0.632,-1.709,-1.763,-1.777,-1.355,-0.965,-1.657,-1.484,-2.307
-3.025,-0.8,-0.965,-1.03,-1.009,-0.362,-1.93,-3.91,-3.891,-1.954,-1.902,-1.926,-1.238,-1.765,-1.444,-3.293,-1.593,-1.615,-2.1,-1.613,-3.728,-0.715,-1.626,-1.64,-2.057,-1.948,-1.952,-1.342,-3.334,-0.798,-1.435,-1.948,-2.076,-2.088,-1.413,-1.259,-1.892,-1.781,-2.373
-2.941,-0.92,-2.538,-2.318,-1.974,-0.361,-1.869,-3.992,-3.994,-2.24,-2.189,-2.187,-1.118,-2.02,-1.68,-3.485,-1.842,-3.591,-2.627,-1.875,-3.815,-0.918,-1.838,-1.905,-2.271,-2.152,-2.149,-1.586,-3.684,-0.927,-2.525,-1.914,-2.675,-2.681,-1.732,-1.569,-2.056,-2.053,-2.438
-3.547,-0.805,-3.018,-2.904,-3.65,-0.392,-0.984,-3.911,-3.936,-2.57,-2.509,-2.403,-0.843,-2.34,-1.922,-3.68,-2.093,-2.913,-2.913,-2.136,-3.934,-1.086,-2.165,-2.159,-2.431,-2.657,-2.66,-1.836,-3.585,-2.248,-2.588,-2.155,-2.818,-2.837,-3.137,-1.858,-2.315,-2.304,-2.493
-4.12,-0.774,-2.014,-1.389,-3.358,-0.418,-2.073,-4.015,-3.995,-2.913,-2.84,-2.483,-1.5,-2.373,-2.166,-3.843,-2.342,-4.015,-2.89,-2.377,-4.004,-1.253,-2.381,-2.386,-1.346,-2.25,-2.237,-1.986,-3.756,-3.923,-1.048,-2.456,-2.616,-2.62,-3.859,-2.119,-2.563,-2.534,-2.523
-4.224,-0.751,-2.666,-2.161,-3.919,-0.811,-1.363,-3.507,-3.875,-3.195,-3.137,-2.777,-2.561,-2.855,-2.395,-3.895,-2.546,-3.197,-2.655,-2.619,-4.054,-1.412,-2.706,-2.614,-1.587,-2.384,-2.404,-2.32,-4.131,-2.705,-1.901,-2.693,-3.171,-3.217,-4.056,-2.4,-2.794,-2.753,-2.555
-2.692,-0.688,-0.812,-3.069,-0.919,-1.159,-1.52,-4.525,-4.3,-3.411,-3.353,-2.708,-2.734,-3.081,-2.595,-3.972,-2.748,-4.457,-3.57,-2.556,-4.115,-1.571,-2.924,-2.836,-1.843,-2.423,-2.41,-2.631,-4.226,-3.263,-2.433,-3.093,-2.025,-2.104,-4.154,-2.644,-3.024,-2.958,-2.579
-4.132,-2.663,-0.94,-0.86,-0.947,-2.988,-3.154,-4.191,-4.137,-3.572,-3.521,-1.779,-2.94,-3.266,-2.785,-4.044,-2.948,-4.447,-3.69,-2.949,-4.143,-1.703,-3.166,-3.069,-1.686,-2.218,-2.26,-2.843,-4.326,-4.691,-1.325,-3.168,-2.23,-2.293,-4.307,-2.869,-3.389,-3.152,-2.601
-4.059,-2.039,-1.264,-1.184,-1.252,-3.244,-4.262,-4.008,-3.894,-4.053,-3.985,-1.999,-2.844,-3.461,-2.957,-4.114,-3.13,-4.346,-3.893,-3.22,-4.16,-1.85,-3.368,-3.245,-3.252,-3.57,-3.599,-3.014,-4.328,-4.178,-1.547,-3.482,-3.686,-3.76,-3.652,-3.067,-3.695,-3.32,-2.602
-4.242,-2.132,-1.447,-1.493,-1.591,-3.446,-4.384,-3.635,-3.905,-3.176,-3.193,-3.881,-2.033,-3.621,-3.118,-4.106,-3.266,-4.404,-4.031,-3.264,-4.162,-1.967,-3.285,-3.4,-4.12,-2.372,-2.417,-3.235,-4.567,-4.366,-2.939,-2.921,-3.93,-3.943,-3.978,-3.241,-3.921,-3.457,-2.453
